-10
10
-10
10
0
0
0
0) 0 0.0 0.0 0.0
0) 1 0.133 0.133 0.1869833202138062
0) 2 0.266 0.266 0.3673710239463122
0) 3 0.399 0.399 0.534800147322443
0) 4 0.532 0.532 0.6833648251327964
0) 5 0.665 0.665 0.8078246132758097
0) 6 0.798 0.798 0.9037893392537621
0) 7 0.931 0.931 0.9678739603389926
0) 8 1.064 1.064 0.9978179669708394
0) 9 1.197 1.064 0.9995276939523442
1) 0 5.0 -3.0 -0.43697551727207756
1) 1 4.867 -3.0 -0.5361507982297403
1) 2 4.734 -3.0 -0.6277468955641214
1) 3 4.601 -3.0 -0.7107301376248144
1) 4 4.468 -3.0 -0.784230355432594
1) 5 4.335 -3.0 -0.8475502175403441
1) 6 4.202 -3.0 -0.9001712500932847
1) 7 4.069 -3.0 -0.9417565074377389
1) 8 3.936 -3.0 -0.9721499233148092
1) 9 3.803 -3.0 -0.9913724363261757
1) 10 3.67 -3.0 -0.9996150448302079
1) 11 3.537 -3.133 -0.999919903276219
1) 12 3.404 -3.266 -0.9999873867811159
1) 13 3.271 -3.399 -0.999988084873935
1) 14 3.404 -3.532 -0.981444989208485
1) 15 3.271 -3.532 -0.9948434206130213
1) 16 3.404 -3.399 -0.9951959939367063
1) 17 3.271 -3.399 -0.999988084873935
1) 18 3.404 -3.532 -0.981444989208485
1) 19 3.271 -3.532 -0.9948434206130213
1) 20 3.404 -3.399 -0.9951959939367063
1) 21 3.271 -3.399 -0.999988084873935
1) 22 3.404 -3.532 -0.981444989208485
1) 23 3.271 -3.532 -0.9948434206130213
1) 24 3.404 -3.399 -0.9951959939367063
1) 25 3.271 -3.399 -0.999988084873935
1) 26 3.404 -3.532 -0.981444989208485
1) 27 3.271 -3.532 -0.9948434206130213
1) 28 3.404 -3.399 -0.9951959939367063
1) 29 3.271 -3.399 -0.999988084873935
1) 30 3.404 -3.532 -0.981444989208485
1) 31 3.271 -3.532 -0.9948434206130213
1) 32 3.404 -3.399 -0.9951959939367063
1) 33 3.271 -3.399 -0.999988084873935
1) 34 3.404 -3.532 -0.981444989208485
1) 35 3.271 -3.532 -0.9948434206130213
1) 36 3.404 -3.399 -0.9951959939367063
1) 37 3.271 -3.399 -0.999988084873935
1) 38 3.404 -3.532 -0.981444989208485
1) 39 3.271 -3.532 -0.9948434206130213
1) 40 3.404 -3.399 -0.9951959939367063
1) 41 3.271 -3.399 -0.999988084873935
1) 42 3.404 -3.532 -0.981444989208485
1) 43 3.271 -3.532 -0.9948434206130213
1) 44 3.404 -3.399 -0.9951959939367063
1) 45 3.271 -3.399 -0.999988084873935
1) 46 3.404 -3.532 -0.981444989208485
1) 47 3.271 -3.532 -0.9948434206130213
1) 48 3.404 -3.399 -0.9951959939367063
1) 49 3.271 -3.399 -0.999988084873935
2) 0 3.0 0.0 0.1411200080598672
2) 1 2.867 0.0 0.271154873988568
2) 2 2.734 0.0 0.3964003475633013
2) 3 2.601 0.0 0.5146442254602457
2) 4 2.468 0.0 0.6237979731221098
2) 5 2.335 0.0 0.7219336144193528
2) 6 2.202 0.0 0.8073177853774789
2) 7 2.069 0.0 0.8784423504814541
2) 8 1.936 0.0 0.9340510407832876
2) 9 1.803 0.0 0.9731616433054727
2) 10 1.67 0.0 0.9950833498101802
2) 11 1.537 0.133 0.9996065497417973
2) 12 1.537 0.266 0.9999400649206346
3) 0 -4.0 -10.0 -0.9747394897226348
3) 1 -4.0 -10.133 -0.9948385636840813
3) 2 -4.0 -10.265999999999998 -0.999754188394933
3) 3 -4.0 -10.398999999999997 -0.9893313663322162
3) 4 -4.0 -10.531999999999996 -0.9636540806451461
3) 5 -4.0 -10.664999999999996 -0.9230465152324758
3) 6 -4.0 -10.797999999999995 -0.8680703534108897
3) 7 -4.0 -10.930999999999994 -0.7995181506520288
3) 8 -4.0 -11.063999999999993 -0.7184028438345008
3) 9 -4.0 -11.196999999999992 -0.6259435261436771
3) 10 -4.0 -11.329999999999991 -0.5235476819836091
3) 11 -4.0 -11.46299999999999 -0.412790138883429
3) 12 -4.0 -11.59599999999999 -0.29538905226099993
3) 13 -4.0 -11.728999999999989 -0.17317929298002932
3) 14 -4.0 -11.861999999999988 -0.04808365590858353
3) 15 -4.0 -11.994999999999987 0.0779176507453198
3) 16 -4.133 -11.994999999999987 0.12040531399630404
3) 17 -4.266 -11.994999999999987 0.1639030110196739
3) 18 -4.399 -11.994999999999987 0.20829071723889692
3) 19 -4.532 -11.994999999999987 0.25343402827464306
3) 20 -4.665 -11.994999999999987 0.299183869428701
3) 21 -4.798 -11.994999999999987 0.34537632645790434
3) 22 -4.931 -11.994999999999987 0.39183261056764696
3) 23 -5.064 -11.994999999999987 0.438359170214754
3) 24 -5.197 -11.994999999999987 0.4847479617657408
3) 25 -5.33 -11.994999999999987 0.5307768902962348
3) 26 -5.463 -11.994999999999987 0.5762104308294296
3) 27 -5.596 -11.994999999999987 0.6208004390880951
3) 28 -5.729 -11.994999999999987 0.6642871593707159
3) 29 -5.862 -11.994999999999987 0.7064004354559866
3) 30 -5.995 -11.994999999999987 0.7468611284935265
3) 31 -6.128 -11.994999999999987 0.7853827436580223
3) 32 -6.261 -11.994999999999987 0.8216732649398568
3) 33 -6.394 -11.994999999999987 0.8554371948323989
3) 34 -6.527 -11.994999999999987 0.8863777928742114
3) 35 -6.66 -11.994999999999987 0.9141995040379015
3) 36 -6.793 -11.994999999999987 0.9386105648554176
3) 37 -6.926 -11.994999999999987 0.9593257719660153
3) 38 -7.059 -11.994999999999987 0.9760693945064093
3) 39 -7.192 -11.994999999999987 0.9885782084753495
3) 40 -7.325 -11.994999999999987 0.9966046279435135
3) 41 -7.458 -11.994999999999987 0.9999199047942574
4) 0 -4.0 7.0 0.9783888223346213
4) 1 -3.867 6.867 0.9996363669354663
4) 2 -4.0 6.734 0.9997674922061129
5) 0 -3.0 1.0 -0.020683531529582487
5) 1 -2.867 0.867 0.14584473679481352
5) 2 -2.734 0.734 0.30579939279686785
5) 3 -2.601 0.601 0.45472238563297945
5) 4 -2.468 0.46799999999999997 0.5888310065195611
5) 5 -2.335 0.33499999999999996 0.7051849810926119
5) 6 -2.202 0.20199999999999996 0.8018272519030399
5) 7 -2.069 0.06899999999999995 0.8778921310850526
5) 8 -1.936 -0.06400000000000006 0.933672821166977
5) 9 -1.803 -0.06400000000000006 0.9728997055021533
5) 10 -1.67 -0.06400000000000006 0.9949611879778507
5) 11 -1.537 -0.19700000000000006 0.9997748040456622
5) 12 -1.537 -0.33000000000000007 0.9999992426782714
6) 0 -10.0 8.0 0.2375839859261567
6) 1 -10.0 8.133 0.31777383905669054
6) 2 -10.0 8.265999999999998 0.3965076609137258
6) 3 -10.0 8.398999999999997 0.47313720356590494
6) 4 -10.0 8.531999999999996 0.547004296976892
6) 5 -10.0 8.664999999999996 0.6174473135910138
6) 6 -10.0 8.797999999999995 0.6838080337134357
6) 7 -10.0 8.930999999999994 0.7454388463520103
6) 8 -10.0 9.063999999999993 0.8017102116097207
6) 9 -10.0 9.196999999999992 0.852018302731766
6) 10 -10.0 9.329999999999991 0.8957927386801458
6) 11 -10.0 9.46299999999999 0.9325043117886525
6) 12 -10.0 9.59599999999999 0.9616726097934046
6) 13 -10.0 9.728999999999989 0.9828734274804944
6) 14 -10.0 9.861999999999988 0.995745860472942
6) 15 -10.0 9.994999999999987 0.9999989724089952
7) 0 3.0 2.0 -0.44749175223692067
7) 1 3.133 2.0 -0.5441314440550908
7) 2 3.266 2.0 -0.6350918631051994
7) 3 3.399 2.0 -0.718860713556069
7) 4 3.532 2.0 -0.7939940440983796
7) 5 3.665 2.0 -0.8591462449124437
7) 6 3.798 2.0 -0.9130984796013369
7) 7 3.931 2.0 -0.9547850046168701
7) 8 4.064 2.0 -0.9833168685106086
7) 9 4.197 2.0 -0.9980025312767357
7) 10 4.33 2.0 -0.9983649996583956
7) 11 4.33 1.867 -0.9999955962630285
7) 12 4.463 2.0 -0.984155136862004
7) 13 4.463 1.867 -0.9921495821012197
7) 14 4.463 1.734 -0.9971414204768411
7) 15 4.463 1.601 -0.9995770780905906
7) 16 4.463 1.468 -0.9998998052973459
7) 17 4.33 1.335 -0.9836172383934617
7) 18 4.463 1.335 -0.9985423896407837
7) 19 4.596 1.202 -0.9992707728118464
7) 20 4.596 1.069 -0.9999801875579487
7) 21 4.729 1.202 -0.9860911452560431
7) 22 4.729 1.069 -0.9907756629417361
7) 23 4.729 0.9359999999999999 -0.9941357367960038
7) 24 4.729 0.8029999999999999 -0.9964486408659337
7) 25 4.729 0.6699999999999999 -0.9979630679416083
7) 26 4.729 0.5369999999999999 -0.9988955723379489
7) 27 4.729 0.4039999999999999 -0.9994275977923648
7) 28 4.729 0.2709999999999999 -0.9997030756042773
7) 29 4.729 0.1379999999999999 -0.9998265760034092
7) 30 4.729 0.004999999999999893 -0.9998619962771507
7) 31 4.862 0.1379999999999999 -0.9885353806690419
7) 32 4.862 0.004999999999999893 -0.9888287484199199
7) 33 4.729 0.004999999999999893 -0.9998619962771507
7) 34 4.862 0.1379999999999999 -0.9885353806690419
7) 35 4.862 0.004999999999999893 -0.9888287484199199
7) 36 4.729 0.004999999999999893 -0.9998619962771507
7) 37 4.862 0.1379999999999999 -0.9885353806690419
7) 38 4.862 0.004999999999999893 -0.9888287484199199
7) 39 4.729 0.004999999999999893 -0.9998619962771507
7) 40 4.862 0.1379999999999999 -0.9885353806690419
7) 41 4.862 0.004999999999999893 -0.9888287484199199
7) 42 4.729 0.004999999999999893 -0.9998619962771507
7) 43 4.862 0.1379999999999999 -0.9885353806690419
7) 44 4.862 0.004999999999999893 -0.9888287484199199
7) 45 4.729 0.004999999999999893 -0.9998619962771507
7) 46 4.862 0.1379999999999999 -0.9885353806690419
7) 47 4.862 0.004999999999999893 -0.9888287484199199
7) 48 4.729 0.004999999999999893 -0.9998619962771507
7) 49 4.862 0.1379999999999999 -0.9885353806690419
8) 0 0.0 3.0 0.1411200080598672
8) 1 0.0 2.867 0.271154873988568
8) 2 0.0 2.734 0.3964003475633013
8) 3 0.0 2.601 0.5146442254602457
8) 4 0.0 2.468 0.6237979731221098
8) 5 0.0 2.335 0.7219336144193528
8) 6 0.0 2.202 0.8073177853774789
8) 7 0.0 2.069 0.8784423504814541
8) 8 0.0 1.936 0.9340510407832876
8) 9 0.0 1.803 0.9731616433054727
8) 10 0.0 1.67 0.9950833498101802
8) 11 0.133 1.537 0.9996065497417973
8) 12 0.266 1.537 0.9999400649206346
9) 0 6.0 2.0 0.04135821352247398
9) 1 6.133 2.133 0.2086046884513766
9) 2 6.266 2.266 0.3708837835439846
9) 3 6.399 2.399 0.5233096553516878
9) 4 6.532 2.532 0.6611776009580063
9) 5 6.665 2.665 0.7801265372353555
9) 6 6.798 2.798 0.8762936432873941
9) 7 6.931 2.931 0.9464554713431681
9) 8 7.064 3.064 0.9881502204397414
9) 9 7.197 3.197 0.9997764548320323
10) 0 -5.0 -4.0 0.11965157649377203
10) 1 -5.133 -4.133 0.3021160537981428
10) 2 -5.266 -4.266 0.4741041113697568
10) 3 -5.399 -4.399 0.6295995673069064
10) 4 -5.532 -4.532 0.7631550924558556
10) 5 -5.665 -4.665 0.8700845431855192
10) 6 -5.798 -4.798 0.9466287736764334
10) 7 -5.931 -4.931 0.9900890387175885
10) 8 -6.064 -4.931 0.9992714809426456
10) 9 -6.197 -4.798 0.9998612281791419
10) 10 -6.33 -4.665 0.9999567985019309
11) 0 0.0 7.0 0.6569865987187891
11) 1 0.133 7.133 0.7519759568004343
11) 2 0.266 7.266 0.8347518933797182
11) 3 0.399 7.399 0.9029413493165264
11) 4 0.532 7.532 0.9543808873516418
11) 5 0.665 7.665 0.9871972054507777
11) 6 0.798 7.798 0.9998836182354117
11) 7 0.931 7.798 0.999999818542067
12) 0 0.0 5.0 -0.9589242746631385
12) 1 0.0 4.867 -0.9880715068572294
12) 2 0.0 4.734 -0.9997664910039011
12) 3 0.133 4.867 -0.987790081313692
12) 4 0.133 4.734 -0.9997243822492088
12) 5 0.0 4.734 -0.9997664910039011
12) 6 0.133 4.867 -0.987790081313692
12) 7 0.133 4.734 -0.9997243822492088
12) 8 0.0 4.734 -0.9997664910039011
12) 9 0.133 4.867 -0.987790081313692
12) 10 0.133 4.734 -0.9997243822492088
12) 11 0.0 4.734 -0.9997664910039011
12) 12 0.133 4.867 -0.987790081313692
12) 13 0.133 4.734 -0.9997243822492088
12) 14 0.0 4.734 -0.9997664910039011
12) 15 0.133 4.867 -0.987790081313692
12) 16 0.133 4.734 -0.9997243822492088
12) 17 0.0 4.734 -0.9997664910039011
12) 18 0.133 4.867 -0.987790081313692
12) 19 0.133 4.734 -0.9997243822492088
12) 20 0.0 4.734 -0.9997664910039011
12) 21 0.133 4.867 -0.987790081313692
12) 22 0.133 4.734 -0.9997243822492088
12) 23 0.0 4.734 -0.9997664910039011
12) 24 0.133 4.867 -0.987790081313692
12) 25 0.133 4.734 -0.9997243822492088
12) 26 0.0 4.734 -0.9997664910039011
12) 27 0.133 4.867 -0.987790081313692
12) 28 0.133 4.734 -0.9997243822492088
12) 29 0.0 4.734 -0.9997664910039011
12) 30 0.133 4.867 -0.987790081313692
12) 31 0.133 4.734 -0.9997243822492088
12) 32 0.0 4.734 -0.9997664910039011
12) 33 0.133 4.867 -0.987790081313692
12) 34 0.133 4.734 -0.9997243822492088
12) 35 0.0 4.734 -0.9997664910039011
12) 36 0.133 4.867 -0.987790081313692
12) 37 0.133 4.734 -0.9997243822492088
12) 38 0.0 4.734 -0.9997664910039011
12) 39 0.133 4.867 -0.987790081313692
12) 40 0.133 4.734 -0.9997243822492088
12) 41 0.0 4.734 -0.9997664910039011
12) 42 0.133 4.867 -0.987790081313692
12) 43 0.133 4.734 -0.9997243822492088
12) 44 0.0 4.734 -0.9997664910039011
12) 45 0.133 4.867 -0.987790081313692
12) 46 0.133 4.734 -0.9997243822492088
12) 47 0.0 4.734 -0.9997664910039011
12) 48 0.133 4.867 -0.987790081313692
12) 49 0.133 4.734 -0.9997243822492088
13) 0 -4.0 7.0 0.9783888223346213
13) 1 -3.867 6.867 0.9996363669354663
13) 2 -4.0 6.734 0.9997674922061129
14) 0 -1.0 -8.0 0.9783888223346213
14) 1 -0.867 -7.867 0.9981614133528478
14) 2 -0.734 -7.867 0.9988869621096611
14) 3 -0.601 -7.867 0.9993541671211854
14) 4 -0.46799999999999997 -7.867 0.9996375037291647
14) 5 -0.33499999999999996 -7.867 0.9997970403821872
14) 6 -0.20199999999999996 -7.867 0.9998781460778613
14) 7 -0.06899999999999995 -7.867 0.9999112774133465
14) 8 0.06400000000000006 -7.867 0.9999118394957256
15) 0 2.0 -3.0 -0.44749175223692067
15) 1 2.0 -3.133 -0.5441314440550908
15) 2 2.0 -3.266 -0.6350918631051994
15) 3 2.0 -3.399 -0.718860713556069
15) 4 2.0 -3.532 -0.7939940440983796
15) 5 2.0 -3.665 -0.8591462449124437
15) 6 2.0 -3.798 -0.9130984796013369
15) 7 2.0 -3.931 -0.9547850046168701
15) 8 2.0 -4.064 -0.9833168685106086
15) 9 2.0 -4.197 -0.9980025312767357
15) 10 2.0 -4.33 -0.9983649996583956
15) 11 2.133 -4.197 -0.9999900080826357
15) 12 2.0 -4.064 -0.9833168685106086
15) 13 2.0 -4.197 -0.9980025312767357
15) 14 2.0 -4.33 -0.9983649996583956
15) 15 2.133 -4.197 -0.9999900080826357
15) 16 2.0 -4.064 -0.9833168685106086
15) 17 2.0 -4.197 -0.9980025312767357
15) 18 2.0 -4.33 -0.9983649996583956
15) 19 2.133 -4.197 -0.9999900080826357
15) 20 2.0 -4.064 -0.9833168685106086
15) 21 2.0 -4.197 -0.9980025312767357
15) 22 2.0 -4.33 -0.9983649996583956
15) 23 2.133 -4.197 -0.9999900080826357
15) 24 2.0 -4.064 -0.9833168685106086
15) 25 2.0 -4.197 -0.9980025312767357
15) 26 2.0 -4.33 -0.9983649996583956
15) 27 2.133 -4.197 -0.9999900080826357
15) 28 2.0 -4.064 -0.9833168685106086
15) 29 2.0 -4.197 -0.9980025312767357
15) 30 2.0 -4.33 -0.9983649996583956
15) 31 2.133 -4.197 -0.9999900080826357
15) 32 2.0 -4.064 -0.9833168685106086
15) 33 2.0 -4.197 -0.9980025312767357
15) 34 2.0 -4.33 -0.9983649996583956
15) 35 2.133 -4.197 -0.9999900080826357
15) 36 2.0 -4.064 -0.9833168685106086
15) 37 2.0 -4.197 -0.9980025312767357
15) 38 2.0 -4.33 -0.9983649996583956
15) 39 2.133 -4.197 -0.9999900080826357
15) 40 2.0 -4.064 -0.9833168685106086
15) 41 2.0 -4.197 -0.9980025312767357
15) 42 2.0 -4.33 -0.9983649996583956
15) 43 2.133 -4.197 -0.9999900080826357
15) 44 2.0 -4.064 -0.9833168685106086
15) 45 2.0 -4.197 -0.9980025312767357
15) 46 2.0 -4.33 -0.9983649996583956
15) 47 2.133 -4.197 -0.9999900080826357
15) 48 2.0 -4.064 -0.9833168685106086
15) 49 2.0 -4.197 -0.9980025312767357
16) 0 -10.0 4.0 -0.9747394897226348
16) 1 -10.133 4.0 -0.9948385636840813
16) 2 -10.0 4.0 -0.9747394897226348
16) 3 -10.133 4.0 -0.9948385636840813
16) 4 -10.0 4.0 -0.9747394897226348
16) 5 -10.133 4.0 -0.9948385636840813
16) 6 -10.0 4.0 -0.9747394897226348
16) 7 -10.133 4.0 -0.9948385636840813
16) 8 -10.0 4.0 -0.9747394897226348
16) 9 -10.133 4.0 -0.9948385636840813
16) 10 -10.0 4.0 -0.9747394897226348
16) 11 -10.133 4.0 -0.9948385636840813
16) 12 -10.0 4.0 -0.9747394897226348
16) 13 -10.133 4.0 -0.9948385636840813
16) 14 -10.0 4.0 -0.9747394897226348
16) 15 -10.133 4.0 -0.9948385636840813
16) 16 -10.0 4.0 -0.9747394897226348
16) 17 -10.133 4.0 -0.9948385636840813
16) 18 -10.0 4.0 -0.9747394897226348
16) 19 -10.133 4.0 -0.9948385636840813
16) 20 -10.0 4.0 -0.9747394897226348
16) 21 -10.133 4.0 -0.9948385636840813
16) 22 -10.0 4.0 -0.9747394897226348
16) 23 -10.133 4.0 -0.9948385636840813
16) 24 -10.0 4.0 -0.9747394897226348
16) 25 -10.133 4.0 -0.9948385636840813
16) 26 -10.0 4.0 -0.9747394897226348
16) 27 -10.133 4.0 -0.9948385636840813
16) 28 -10.0 4.0 -0.9747394897226348
16) 29 -10.133 4.0 -0.9948385636840813
16) 30 -10.0 4.0 -0.9747394897226348
16) 31 -10.133 4.0 -0.9948385636840813
16) 32 -10.0 4.0 -0.9747394897226348
16) 33 -10.133 4.0 -0.9948385636840813
16) 34 -10.0 4.0 -0.9747394897226348
16) 35 -10.133 4.0 -0.9948385636840813
16) 36 -10.0 4.0 -0.9747394897226348
16) 37 -10.133 4.0 -0.9948385636840813
16) 38 -10.0 4.0 -0.9747394897226348
16) 39 -10.133 4.0 -0.9948385636840813
16) 40 -10.0 4.0 -0.9747394897226348
16) 41 -10.133 4.0 -0.9948385636840813
16) 42 -10.0 4.0 -0.9747394897226348
16) 43 -10.133 4.0 -0.9948385636840813
16) 44 -10.0 4.0 -0.9747394897226348
16) 45 -10.133 4.0 -0.9948385636840813
16) 46 -10.0 4.0 -0.9747394897226348
16) 47 -10.133 4.0 -0.9948385636840813
16) 48 -10.0 4.0 -0.9747394897226348
16) 49 -10.133 4.0 -0.9948385636840813
17) 0 -4.0 -7.0 0.9783888223346213
17) 1 -3.867 -6.867 0.9996363669354663
17) 2 -4.0 -6.734 0.9997674922061129
18) 0 -1.0 1.0 0.9877659459927356
18) 1 -1.133 1.133 0.9995036753923322
19) 0 0.0 -1.0 0.8414709848078965
19) 1 0.133 -1.133 0.9089587591351166
19) 2 0.266 -1.266 0.961838215129329
19) 3 0.399 -1.399 0.9932783335057668
19) 4 0.399 -1.532 0.9999242354025187
20) 0 -2.0 -3.0 -0.44749175223692067
20) 1 -2.0 -3.133 -0.5441314440550908
20) 2 -2.0 -3.266 -0.6350918631051994
20) 3 -2.0 -3.399 -0.718860713556069
20) 4 -2.0 -3.532 -0.7939940440983796
20) 5 -2.0 -3.665 -0.8591462449124437
20) 6 -2.0 -3.798 -0.9130984796013369
20) 7 -2.0 -3.931 -0.9547850046168701
20) 8 -2.0 -4.064 -0.9833168685106086
20) 9 -2.0 -4.197 -0.9980025312767357
20) 10 -2.0 -4.33 -0.9983649996583956
20) 11 -1.867 -4.33 -0.9999955962630285
20) 12 -2.0 -4.463 -0.984155136862004
20) 13 -1.867 -4.463 -0.9921495821012197
20) 14 -1.734 -4.463 -0.9971414204768411
20) 15 -1.601 -4.463 -0.9995770780905906
20) 16 -1.468 -4.463 -0.9998998052973459
20) 17 -1.335 -4.33 -0.9836172383934617
20) 18 -1.335 -4.463 -0.9985423896407837
20) 19 -1.202 -4.596 -0.9992707728118464
20) 20 -1.069 -4.596 -0.9999801875579487
20) 21 -1.202 -4.729 -0.9860911452560431
20) 22 -1.069 -4.729 -0.9907756629417361
20) 23 -0.9359999999999999 -4.729 -0.9941357367960038
20) 24 -0.8029999999999999 -4.729 -0.9964486408659337
20) 25 -0.6699999999999999 -4.729 -0.9979630679416083
20) 26 -0.5369999999999999 -4.729 -0.9988955723379489
20) 27 -0.4039999999999999 -4.729 -0.9994275977923648
20) 28 -0.2709999999999999 -4.729 -0.9997030756042773
20) 29 -0.1379999999999999 -4.729 -0.9998265760034092
20) 30 -0.004999999999999893 -4.729 -0.9998619962771507
20) 31 -0.1379999999999999 -4.862 -0.9885353806690419
20) 32 -0.004999999999999893 -4.862 -0.9888287484199199
20) 33 0.1280000000000001 -4.729 -0.9998317720286506
20) 34 -0.004999999999999893 -4.729 -0.9998619962771507
20) 35 -0.1379999999999999 -4.862 -0.9885353806690419
20) 36 -0.004999999999999893 -4.862 -0.9888287484199199
20) 37 0.1280000000000001 -4.729 -0.9998317720286506
20) 38 -0.004999999999999893 -4.729 -0.9998619962771507
20) 39 -0.1379999999999999 -4.862 -0.9885353806690419
20) 40 -0.004999999999999893 -4.862 -0.9888287484199199
20) 41 0.1280000000000001 -4.729 -0.9998317720286506
20) 42 -0.004999999999999893 -4.729 -0.9998619962771507
20) 43 -0.1379999999999999 -4.862 -0.9885353806690419
20) 44 -0.004999999999999893 -4.862 -0.9888287484199199
20) 45 0.1280000000000001 -4.729 -0.9998317720286506
20) 46 -0.004999999999999893 -4.729 -0.9998619962771507
20) 47 -0.1379999999999999 -4.862 -0.9885353806690419
20) 48 -0.004999999999999893 -4.862 -0.9888287484199199
20) 49 0.1280000000000001 -4.729 -0.9998317720286506
21) 0 0.0 5.0 -0.9589242746631385
21) 1 0.0 4.867 -0.9880715068572294
21) 2 0.0 4.734 -0.9997664910039011
21) 3 0.133 4.867 -0.987790081313692
21) 4 0.133 4.734 -0.9997243822492088
21) 5 0.0 4.734 -0.9997664910039011
21) 6 0.133 4.867 -0.987790081313692
21) 7 0.133 4.734 -0.9997243822492088
21) 8 0.0 4.734 -0.9997664910039011
21) 9 0.133 4.867 -0.987790081313692
21) 10 0.133 4.734 -0.9997243822492088
21) 11 0.0 4.734 -0.9997664910039011
21) 12 0.133 4.867 -0.987790081313692
21) 13 0.133 4.734 -0.9997243822492088
21) 14 0.0 4.734 -0.9997664910039011
21) 15 0.133 4.867 -0.987790081313692
21) 16 0.133 4.734 -0.9997243822492088
21) 17 0.0 4.734 -0.9997664910039011
21) 18 0.133 4.867 -0.987790081313692
21) 19 0.133 4.734 -0.9997243822492088
21) 20 0.0 4.734 -0.9997664910039011
21) 21 0.133 4.867 -0.987790081313692
21) 22 0.133 4.734 -0.9997243822492088
21) 23 0.0 4.734 -0.9997664910039011
21) 24 0.133 4.867 -0.987790081313692
21) 25 0.133 4.734 -0.9997243822492088
21) 26 0.0 4.734 -0.9997664910039011
21) 27 0.133 4.867 -0.987790081313692
21) 28 0.133 4.734 -0.9997243822492088
21) 29 0.0 4.734 -0.9997664910039011
21) 30 0.133 4.867 -0.987790081313692
21) 31 0.133 4.734 -0.9997243822492088
21) 32 0.0 4.734 -0.9997664910039011
21) 33 0.133 4.867 -0.987790081313692
21) 34 0.133 4.734 -0.9997243822492088
21) 35 0.0 4.734 -0.9997664910039011
21) 36 0.133 4.867 -0.987790081313692
21) 37 0.133 4.734 -0.9997243822492088
21) 38 0.0 4.734 -0.9997664910039011
21) 39 0.133 4.867 -0.987790081313692
21) 40 0.133 4.734 -0.9997243822492088
21) 41 0.0 4.734 -0.9997664910039011
21) 42 0.133 4.867 -0.987790081313692
21) 43 0.133 4.734 -0.9997243822492088
21) 44 0.0 4.734 -0.9997664910039011
21) 45 0.133 4.867 -0.987790081313692
21) 46 0.133 4.734 -0.9997243822492088
21) 47 0.0 4.734 -0.9997664910039011
21) 48 0.133 4.867 -0.987790081313692
21) 49 0.133 4.734 -0.9997243822492088
22) 0 9.0 3.0 -0.06201520022829486
22) 1 8.867 2.867 0.10560124779334415
22) 2 8.734000000000002 2.734 0.26949148088321784
22) 3 8.601000000000003 2.601 0.42512533925031776
22) 4 8.468000000000004 2.468 0.5683160198425456
22) 5 8.335000000000004 2.335 0.6953357034941545
22) 6 8.202000000000005 2.202 0.8030129753225485
22) 7 8.069000000000006 2.069 0.8888094135533615
22) 8 7.936000000000006 1.936 0.9508735097582026
22) 9 7.803000000000006 1.803 0.9880709135557465
22) 10 7.670000000000006 1.67 0.9999908365217641
23) 0 4.0 4.0 -0.586176193003373
23) 1 4.0 3.867 -0.6590698702102644
23) 2 4.0 3.734 -0.7251056946949304
23) 3 4.0 3.601 -0.7839895180009427
23) 4 4.0 3.468 -0.8355481773172855
23) 5 4.0 3.335 -0.8797257262235797
23) 6 4.0 3.202 -0.9165778510825086
23) 7 4.0 3.069 -0.946264669154774
23) 8 4.0 2.936 -0.9690421294731427
23) 9 4.0 2.803 -0.9852522568552328
23) 10 4.0 2.67 -0.9953124927539863
23) 11 4.0 2.537 -0.99970439365343
23) 12 3.867 2.67 -0.9999131786518664
23) 13 3.734 2.537 -0.9804492551416765
23) 14 3.867 2.537 -0.9961786606866292
23) 15 4.0 2.537 -0.99970439365343
23) 16 3.867 2.67 -0.9999131786518664
23) 17 3.734 2.537 -0.9804492551416765
23) 18 3.867 2.537 -0.9961786606866292
23) 19 4.0 2.537 -0.99970439365343
23) 20 3.867 2.67 -0.9999131786518664
23) 21 3.734 2.537 -0.9804492551416765
23) 22 3.867 2.537 -0.9961786606866292
23) 23 4.0 2.537 -0.99970439365343
23) 24 3.867 2.67 -0.9999131786518664
23) 25 3.734 2.537 -0.9804492551416765
23) 26 3.867 2.537 -0.9961786606866292
23) 27 4.0 2.537 -0.99970439365343
23) 28 3.867 2.67 -0.9999131786518664
23) 29 3.734 2.537 -0.9804492551416765
23) 30 3.867 2.537 -0.9961786606866292
23) 31 4.0 2.537 -0.99970439365343
23) 32 3.867 2.67 -0.9999131786518664
23) 33 3.734 2.537 -0.9804492551416765
23) 34 3.867 2.537 -0.9961786606866292
23) 35 4.0 2.537 -0.99970439365343
23) 36 3.867 2.67 -0.9999131786518664
23) 37 3.734 2.537 -0.9804492551416765
23) 38 3.867 2.537 -0.9961786606866292
23) 39 4.0 2.537 -0.99970439365343
23) 40 3.867 2.67 -0.9999131786518664
23) 41 3.734 2.537 -0.9804492551416765
23) 42 3.867 2.537 -0.9961786606866292
23) 43 4.0 2.537 -0.99970439365343
23) 44 3.867 2.67 -0.9999131786518664
23) 45 3.734 2.537 -0.9804492551416765
23) 46 3.867 2.537 -0.9961786606866292
23) 47 4.0 2.537 -0.99970439365343
23) 48 3.867 2.67 -0.9999131786518664
23) 49 3.734 2.537 -0.9804492551416765
24) 0 -9.0 5.0 -0.7648781678542789
24) 1 -9.133 5.0 -0.8345499773186418
24) 2 -9.265999999999998 5.0 -0.8930913334297883
24) 3 -9.398999999999997 5.0 -0.9395810805610683
24) 4 -9.531999999999996 5.0 -0.9732564547872331
24) 5 -9.664999999999996 5.0 -0.9935276599680835
24) 6 -9.797999999999995 5.0 -0.9999900441440511
24) 7 -9.930999999999994 5.133 -0.9832049587214224
24) 8 -9.930999999999994 5.0 -0.9924336245753929
24) 9 -9.930999999999994 4.867 -0.997957708004644
24) 10 -9.930999999999994 4.734 -0.999981759236881
24) 11 -10.063999999999993 4.734 -0.9920417476879859
24) 12 -10.063999999999993 4.601 -0.9975308507800423
24) 13 -10.063999999999993 4.468 -0.9998774988302338
24) 14 -10.196999999999992 4.468 -0.9905833546704463
24) 15 -10.196999999999992 4.335 -0.9964206104939128
24) 16 -10.196999999999992 4.202 -0.9994462928722985
24) 17 -10.196999999999992 4.069 -0.9998604740981488
24) 18 -10.063999999999993 4.069 -0.9901990458463084
24) 19 -10.196999999999992 4.069 -0.9998604740981488
24) 20 -10.063999999999993 4.069 -0.9901990458463084
24) 21 -10.196999999999992 4.069 -0.9998604740981488
24) 22 -10.063999999999993 4.069 -0.9901990458463084
24) 23 -10.196999999999992 4.069 -0.9998604740981488
24) 24 -10.063999999999993 4.069 -0.9901990458463084
24) 25 -10.196999999999992 4.069 -0.9998604740981488
24) 26 -10.063999999999993 4.069 -0.9901990458463084
24) 27 -10.196999999999992 4.069 -0.9998604740981488
24) 28 -10.063999999999993 4.069 -0.9901990458463084
24) 29 -10.196999999999992 4.069 -0.9998604740981488
24) 30 -10.063999999999993 4.069 -0.9901990458463084
24) 31 -10.196999999999992 4.069 -0.9998604740981488
24) 32 -10.063999999999993 4.069 -0.9901990458463084
24) 33 -10.196999999999992 4.069 -0.9998604740981488
24) 34 -10.063999999999993 4.069 -0.9901990458463084
24) 35 -10.196999999999992 4.069 -0.9998604740981488
24) 36 -10.063999999999993 4.069 -0.9901990458463084
24) 37 -10.196999999999992 4.069 -0.9998604740981488
24) 38 -10.063999999999993 4.069 -0.9901990458463084
24) 39 -10.196999999999992 4.069 -0.9998604740981488
24) 40 -10.063999999999993 4.069 -0.9901990458463084
24) 41 -10.196999999999992 4.069 -0.9998604740981488
24) 42 -10.063999999999993 4.069 -0.9901990458463084
24) 43 -10.196999999999992 4.069 -0.9998604740981488
24) 44 -10.063999999999993 4.069 -0.9901990458463084
24) 45 -10.196999999999992 4.069 -0.9998604740981488
24) 46 -10.063999999999993 4.069 -0.9901990458463084
24) 47 -10.196999999999992 4.069 -0.9998604740981488
24) 48 -10.063999999999993 4.069 -0.9901990458463084
24) 49 -10.196999999999992 4.069 -0.9998604740981488
25) 0 -7.0 2.0 0.8398053526495963
25) 1 -7.133 2.133 0.9175624086674962
25) 2 -7.266 2.266 0.9706595364051974
25) 3 -7.399 2.399 0.9971299787953372
25) 4 -7.532 2.266 0.9999338913238295
26) 0 -2.0 3.0 -0.44749175223692067
26) 1 -1.867 3.133 -0.4842561434201701
26) 2 -1.734 3.266 -0.5279445986366311
26) 3 -1.601 3.399 -0.5774382003231329
26) 4 -1.468 3.532 -0.6313803396317383
26) 5 -1.335 3.665 -0.6881801706476384
26) 6 -1.202 3.798 -0.7460265034157371
26) 7 -1.069 3.931 -0.8029138774378107
26) 8 -0.9359999999999999 4.064 -0.8566816479589853
26) 9 -0.8029999999999999 4.197 -0.9050659496983938
26) 10 -0.6699999999999999 4.33 -0.9457634573614927
26) 11 -0.5369999999999999 4.463 -0.9765050022693675
26) 12 -0.4039999999999999 4.596 -0.995136375059153
26) 13 -0.2709999999999999 4.729 -0.9997030756042773
26) 14 -0.1379999999999999 4.729 -0.9998265760034092
26) 15 -0.004999999999999893 4.729 -0.9998619962771507
26) 16 -0.1379999999999999 4.862 -0.9885353806690419
26) 17 -0.1379999999999999 4.729 -0.9998265760034092
26) 18 -0.004999999999999893 4.729 -0.9998619962771507
26) 19 -0.1379999999999999 4.862 -0.9885353806690419
26) 20 -0.1379999999999999 4.729 -0.9998265760034092
26) 21 -0.004999999999999893 4.729 -0.9998619962771507
26) 22 -0.1379999999999999 4.862 -0.9885353806690419
26) 23 -0.1379999999999999 4.729 -0.9998265760034092
26) 24 -0.004999999999999893 4.729 -0.9998619962771507
26) 25 -0.1379999999999999 4.862 -0.9885353806690419
26) 26 -0.1379999999999999 4.729 -0.9998265760034092
26) 27 -0.004999999999999893 4.729 -0.9998619962771507
26) 28 -0.1379999999999999 4.862 -0.9885353806690419
26) 29 -0.1379999999999999 4.729 -0.9998265760034092
26) 30 -0.004999999999999893 4.729 -0.9998619962771507
26) 31 -0.1379999999999999 4.862 -0.9885353806690419
26) 32 -0.1379999999999999 4.729 -0.9998265760034092
26) 33 -0.004999999999999893 4.729 -0.9998619962771507
26) 34 -0.1379999999999999 4.862 -0.9885353806690419
26) 35 -0.1379999999999999 4.729 -0.9998265760034092
26) 36 -0.004999999999999893 4.729 -0.9998619962771507
26) 37 -0.1379999999999999 4.862 -0.9885353806690419
26) 38 -0.1379999999999999 4.729 -0.9998265760034092
26) 39 -0.004999999999999893 4.729 -0.9998619962771507
26) 40 -0.1379999999999999 4.862 -0.9885353806690419
26) 41 -0.1379999999999999 4.729 -0.9998265760034092
26) 42 -0.004999999999999893 4.729 -0.9998619962771507
26) 43 -0.1379999999999999 4.862 -0.9885353806690419
26) 44 -0.1379999999999999 4.729 -0.9998265760034092
26) 45 -0.004999999999999893 4.729 -0.9998619962771507
26) 46 -0.1379999999999999 4.862 -0.9885353806690419
26) 47 -0.1379999999999999 4.729 -0.9998265760034092
26) 48 -0.004999999999999893 4.729 -0.9998619962771507
26) 49 -0.1379999999999999 4.862 -0.9885353806690419
27) 0 -9.0 -4.0 -0.41148230684214054
27) 1 -9.0 -4.133 -0.4607517561762004
27) 2 -9.0 -4.266 -0.5099092288461352
27) 3 -9.0 -4.399 -0.5586578529264837
27) 4 -9.0 -4.532 -0.6066815130490579
27) 5 -9.0 -4.665 -0.6536462863536585
27) 6 -9.0 -4.798 -0.6992022368359385
27) 7 -9.0 -4.931 -0.7429855749489673
27) 8 -9.0 -5.064 -0.7846211844624613
27) 9 -9.0 -5.197 -0.8237255132663666
27) 10 -9.0 -5.33 -0.8599098190770277
27) 11 -9.0 -5.463 -0.8927837549305538
27) 12 -9.0 -5.596 -0.9219592730070113
27) 13 -9.0 -5.729 -0.9470548188099598
27) 14 -9.0 -5.862 -0.9676997811283284
27) 15 -9.0 -5.995 -0.9835391566404283
27) 16 -9.0 -6.128 -0.9942383815997236
27) 17 -9.0 -6.261 -0.9994882768912715
27) 18 -9.133 -6.128 -0.9999961008466697
27) 19 -9.265999999999998 -6.261 -0.9824922560247432
27) 20 -9.133 -6.261 -0.9970024463979157
27) 21 -9.0 -6.261 -0.9994882768912715
27) 22 -9.133 -6.128 -0.9999961008466697
27) 23 -9.265999999999998 -6.261 -0.9824922560247432
27) 24 -9.133 -6.261 -0.9970024463979157
27) 25 -9.0 -6.261 -0.9994882768912715
27) 26 -9.133 -6.128 -0.9999961008466697
27) 27 -9.265999999999998 -6.261 -0.9824922560247432
27) 28 -9.133 -6.261 -0.9970024463979157
27) 29 -9.0 -6.261 -0.9994882768912715
27) 30 -9.133 -6.128 -0.9999961008466697
27) 31 -9.265999999999998 -6.261 -0.9824922560247432
27) 32 -9.133 -6.261 -0.9970024463979157
27) 33 -9.0 -6.261 -0.9994882768912715
27) 34 -9.133 -6.128 -0.9999961008466697
27) 35 -9.265999999999998 -6.261 -0.9824922560247432
27) 36 -9.133 -6.261 -0.9970024463979157
27) 37 -9.0 -6.261 -0.9994882768912715
27) 38 -9.133 -6.128 -0.9999961008466697
27) 39 -9.265999999999998 -6.261 -0.9824922560247432
27) 40 -9.133 -6.261 -0.9970024463979157
27) 41 -9.0 -6.261 -0.9994882768912715
27) 42 -9.133 -6.128 -0.9999961008466697
27) 43 -9.265999999999998 -6.261 -0.9824922560247432
27) 44 -9.133 -6.261 -0.9970024463979157
27) 45 -9.0 -6.261 -0.9994882768912715
27) 46 -9.133 -6.128 -0.9999961008466697
27) 47 -9.265999999999998 -6.261 -0.9824922560247432
27) 48 -9.133 -6.261 -0.9970024463979157
27) 49 -9.0 -6.261 -0.9994882768912715
28) 0 -10.0 -10.0 0.9999876561221204
29) 0 -5.0 0.0 -0.9589242746631385
29) 1 -4.867 0.0 -0.9880715068572294
29) 2 -4.734 0.0 -0.9997664910039011
29) 3 -4.867 0.133 -0.987790081313692
29) 4 -4.867 0.0 -0.9880715068572294
29) 5 -4.734 0.0 -0.9997664910039011
29) 6 -4.867 0.133 -0.987790081313692
29) 7 -4.867 0.0 -0.9880715068572294
29) 8 -4.734 0.0 -0.9997664910039011
29) 9 -4.867 0.133 -0.987790081313692
29) 10 -4.867 0.0 -0.9880715068572294
29) 11 -4.734 0.0 -0.9997664910039011
29) 12 -4.867 0.133 -0.987790081313692
29) 13 -4.867 0.0 -0.9880715068572294
29) 14 -4.734 0.0 -0.9997664910039011
29) 15 -4.867 0.133 -0.987790081313692
29) 16 -4.867 0.0 -0.9880715068572294
29) 17 -4.734 0.0 -0.9997664910039011
29) 18 -4.867 0.133 -0.987790081313692
29) 19 -4.867 0.0 -0.9880715068572294
29) 20 -4.734 0.0 -0.9997664910039011
29) 21 -4.867 0.133 -0.987790081313692
29) 22 -4.867 0.0 -0.9880715068572294
29) 23 -4.734 0.0 -0.9997664910039011
29) 24 -4.867 0.133 -0.987790081313692
29) 25 -4.867 0.0 -0.9880715068572294
29) 26 -4.734 0.0 -0.9997664910039011
29) 27 -4.867 0.133 -0.987790081313692
29) 28 -4.867 0.0 -0.9880715068572294
29) 29 -4.734 0.0 -0.9997664910039011
29) 30 -4.867 0.133 -0.987790081313692
29) 31 -4.867 0.0 -0.9880715068572294
29) 32 -4.734 0.0 -0.9997664910039011
29) 33 -4.867 0.133 -0.987790081313692
29) 34 -4.867 0.0 -0.9880715068572294
29) 35 -4.734 0.0 -0.9997664910039011
29) 36 -4.867 0.133 -0.987790081313692
29) 37 -4.867 0.0 -0.9880715068572294
29) 38 -4.734 0.0 -0.9997664910039011
29) 39 -4.867 0.133 -0.987790081313692
29) 40 -4.867 0.0 -0.9880715068572294
29) 41 -4.734 0.0 -0.9997664910039011
29) 42 -4.867 0.133 -0.987790081313692
29) 43 -4.867 0.0 -0.9880715068572294
29) 44 -4.734 0.0 -0.9997664910039011
29) 45 -4.867 0.133 -0.987790081313692
29) 46 -4.867 0.0 -0.9880715068572294
29) 47 -4.734 0.0 -0.9997664910039011
29) 48 -4.867 0.133 -0.987790081313692
29) 49 -4.867 0.0 -0.9880715068572294
30) 0 -8.0 3.0 0.7712319401165738
30) 1 -7.867 2.867 0.8682398916860683
30) 2 -7.734 2.734 0.93970254428993
30) 3 -7.601 2.601 0.983893336861755
30) 4 -7.468 2.468 0.9999365910933226
31) 0 4.0 2.0 -0.9712777989606532
31) 1 4.133 2.0 -0.9926994150488267
31) 2 4.266 2.0 -0.9999996527233851
31) 3 4.133 1.867 -0.9843302121118974
31) 4 4.266 1.867 -0.9984473188059153
31) 5 4.399 1.734 -0.9998715037471797
31) 6 4.532 1.867 -0.9821715327697134
31) 7 4.532 1.734 -0.9902145412691113
31) 8 4.532 1.601 -0.9955769490295134
31) 9 4.532 1.468 -0.9986773550412444
31) 10 4.532 1.335 -0.9999262148283613
31) 11 4.665 1.468 -0.9841754333714678
31) 12 4.665 1.335 -0.9902336574250996
31) 13 4.665 1.202 -0.994494820669756
31) 14 4.665 1.069 -0.9972981520092807
31) 15 4.665 0.9359999999999999 -0.9989611617561364
31) 16 4.665 0.8029999999999999 -0.9997749090243204
31) 17 4.665 0.6699999999999999 -0.9999998852592011
31) 18 4.798 0.8029999999999999 -0.9884182968583328
31) 19 4.798 0.6699999999999999 -0.9912789022351788
31) 20 4.798 0.5369999999999999 -0.9933293954604053
31) 21 4.798 0.4039999999999999 -0.9947422871796537
31) 22 4.798 0.2709999999999999 -0.9956546030734668
31) 23 4.798 0.1379999999999999 -0.9961659941138298
31) 24 4.798 0.004999999999999893 -0.9963373915882343
31) 25 4.665 0.004999999999999893 -0.9988774793172093
31) 26 4.665 -0.1280000000000001 -0.9989589836863624
31) 27 4.665 -0.2610000000000001 -0.9991963673397045
31) 28 4.665 -0.39400000000000013 -0.999526327790557
31) 29 4.665 -0.5270000000000001 -0.9998430750353556
31) 30 4.665 -0.6600000000000001 -0.9999995655022611
31) 31 4.798 -0.7930000000000001 -0.9886659423780836
31) 32 4.665 -0.7930000000000001 -0.9998092610192731
31) 33 4.665 -0.6600000000000001 -0.9999995655022611
31) 34 4.798 -0.7930000000000001 -0.9886659423780836
31) 35 4.665 -0.7930000000000001 -0.9998092610192731
31) 36 4.665 -0.6600000000000001 -0.9999995655022611
31) 37 4.798 -0.7930000000000001 -0.9886659423780836
31) 38 4.665 -0.7930000000000001 -0.9998092610192731
31) 39 4.665 -0.6600000000000001 -0.9999995655022611
31) 40 4.798 -0.7930000000000001 -0.9886659423780836
31) 41 4.665 -0.7930000000000001 -0.9998092610192731
31) 42 4.665 -0.6600000000000001 -0.9999995655022611
31) 43 4.798 -0.7930000000000001 -0.9886659423780836
31) 44 4.665 -0.7930000000000001 -0.9998092610192731
31) 45 4.665 -0.6600000000000001 -0.9999995655022611
31) 46 4.798 -0.7930000000000001 -0.9886659423780836
31) 47 4.665 -0.7930000000000001 -0.9998092610192731
31) 48 4.665 -0.6600000000000001 -0.9999995655022611
31) 49 4.798 -0.7930000000000001 -0.9886659423780836
32) 0 -4.0 1.0 -0.8313391791635062
32) 1 -4.133 1.0 -0.895993866261174
32) 2 -4.266 1.0 -0.9457988912492419
32) 3 -4.399 1.0 -0.9798357740314471
32) 4 -4.532 1.0 -0.9974539875468814
32) 5 -4.665 1.0 -0.9982841915916111
32) 6 -4.665 0.867 -0.9994721181353943
32) 7 -4.665 0.734 -0.9999499757253227
32) 8 -4.665 0.601 -0.9999609772326274
32) 9 -4.532 0.46799999999999997 -0.9878117306283923
32) 10 -4.665 0.46799999999999997 -0.9997126731432348
32) 11 -4.665 0.601 -0.9999609772326274
32) 12 -4.532 0.46799999999999997 -0.9878117306283923
32) 13 -4.665 0.46799999999999997 -0.9997126731432348
32) 14 -4.665 0.601 -0.9999609772326274
32) 15 -4.532 0.46799999999999997 -0.9878117306283923
32) 16 -4.665 0.46799999999999997 -0.9997126731432348
32) 17 -4.665 0.601 -0.9999609772326274
32) 18 -4.532 0.46799999999999997 -0.9878117306283923
32) 19 -4.665 0.46799999999999997 -0.9997126731432348
32) 20 -4.665 0.601 -0.9999609772326274
32) 21 -4.532 0.46799999999999997 -0.9878117306283923
32) 22 -4.665 0.46799999999999997 -0.9997126731432348
32) 23 -4.665 0.601 -0.9999609772326274
32) 24 -4.532 0.46799999999999997 -0.9878117306283923
32) 25 -4.665 0.46799999999999997 -0.9997126731432348
32) 26 -4.665 0.601 -0.9999609772326274
32) 27 -4.532 0.46799999999999997 -0.9878117306283923
32) 28 -4.665 0.46799999999999997 -0.9997126731432348
32) 29 -4.665 0.601 -0.9999609772326274
32) 30 -4.532 0.46799999999999997 -0.9878117306283923
32) 31 -4.665 0.46799999999999997 -0.9997126731432348
32) 32 -4.665 0.601 -0.9999609772326274
32) 33 -4.532 0.46799999999999997 -0.9878117306283923
32) 34 -4.665 0.46799999999999997 -0.9997126731432348
32) 35 -4.665 0.601 -0.9999609772326274
32) 36 -4.532 0.46799999999999997 -0.9878117306283923
32) 37 -4.665 0.46799999999999997 -0.9997126731432348
32) 38 -4.665 0.601 -0.9999609772326274
32) 39 -4.532 0.46799999999999997 -0.9878117306283923
32) 40 -4.665 0.46799999999999997 -0.9997126731432348
32) 41 -4.665 0.601 -0.9999609772326274
32) 42 -4.532 0.46799999999999997 -0.9878117306283923
32) 43 -4.665 0.46799999999999997 -0.9997126731432348
32) 44 -4.665 0.601 -0.9999609772326274
32) 45 -4.532 0.46799999999999997 -0.9878117306283923
32) 46 -4.665 0.46799999999999997 -0.9997126731432348
32) 47 -4.665 0.601 -0.9999609772326274
32) 48 -4.532 0.46799999999999997 -0.9878117306283923
32) 49 -4.665 0.46799999999999997 -0.9997126731432348
33) 0 -2.0 -8.0 0.9240590869570797
33) 1 -1.867 -7.867 0.9733181581144525
33) 2 -1.734 -7.734 0.9974076347552858
33) 3 -1.867 -7.601 0.9996342249575645
33) 4 -2.0 -7.601 0.9999835347023427
34) 0 6.0 8.0 -0.5440211108893698
34) 1 6.133 8.0 -0.6096219546374889
34) 2 6.266 8.0 -0.6721068080723009
34) 3 6.399 8.0 -0.7308702576950141
34) 4 6.532 8.0 -0.7853089076798409
34) 5 6.665 8.0 -0.8348286079624336
34) 6 6.798 8.0 -0.8788520200746985
34) 7 6.931 8.0 -0.9168264327058807
34) 8 7.064 8.0 -0.9482317294753172
34) 9 7.197 8.0 -0.9725884029514723
34) 10 7.33 8.0 -0.9894655017553259
34) 11 7.463 8.0 -0.9984883918425638
34) 12 7.596 8.0 -0.9993462089513774
34) 13 7.729 7.867 -0.9994590154703465
34) 14 7.862 7.734 -0.9994609968066301
34) 15 7.995 7.867 -0.9756965591533758
34) 16 7.995 7.734 -0.9918141511928125
34) 17 7.995 7.601 -0.9993527309281293
34) 18 7.862 7.734 -0.9994609968066301
34) 19 7.995 7.867 -0.9756965591533758
34) 20 7.995 7.734 -0.9918141511928125
34) 21 7.995 7.601 -0.9993527309281293
34) 22 7.862 7.734 -0.9994609968066301
34) 23 7.995 7.867 -0.9756965591533758
34) 24 7.995 7.734 -0.9918141511928125
34) 25 7.995 7.601 -0.9993527309281293
34) 26 7.862 7.734 -0.9994609968066301
34) 27 7.995 7.867 -0.9756965591533758
34) 28 7.995 7.734 -0.9918141511928125
34) 29 7.995 7.601 -0.9993527309281293
34) 30 7.862 7.734 -0.9994609968066301
34) 31 7.995 7.867 -0.9756965591533758
34) 32 7.995 7.734 -0.9918141511928125
34) 33 7.995 7.601 -0.9993527309281293
34) 34 7.862 7.734 -0.9994609968066301
34) 35 7.995 7.867 -0.9756965591533758
34) 36 7.995 7.734 -0.9918141511928125
34) 37 7.995 7.601 -0.9993527309281293
34) 38 7.862 7.734 -0.9994609968066301
34) 39 7.995 7.867 -0.9756965591533758
34) 40 7.995 7.734 -0.9918141511928125
34) 41 7.995 7.601 -0.9993527309281293
34) 42 7.862 7.734 -0.9994609968066301
34) 43 7.995 7.867 -0.9756965591533758
34) 44 7.995 7.734 -0.9918141511928125
34) 45 7.995 7.601 -0.9993527309281293
34) 46 7.862 7.734 -0.9994609968066301
34) 47 7.995 7.867 -0.9756965591533758
34) 48 7.995 7.734 -0.9918141511928125
34) 49 7.995 7.601 -0.9993527309281293
35) 0 -2.0 -7.0 0.8398053526495963
35) 1 -2.133 -7.133 0.9175624086674962
35) 2 -2.266 -7.266 0.9706595364051974
35) 3 -2.399 -7.399 0.9971299787953372
35) 4 -2.266 -7.532 0.9999338913238295
36) 0 -6.0 4.0 0.8003730606575937
36) 1 -6.133 4.133 0.8967841129340072
36) 2 -6.266 4.266 0.9627924118898639
36) 3 -6.399 4.399 0.9960619038610222
36) 4 -6.399 4.532 0.9999197825522468
37) 0 -4.0 -3.0 -0.9589242746631385
37) 1 -3.867 -3.0 -0.983508702007683
37) 2 -3.734 -3.0 -0.9970006439184285
37) 3 -3.601 -3.0 -0.9996756339130424
37) 4 -3.734 -2.867 -0.9999890095950709
37) 5 -3.601 -2.734 -0.9817938577948179
37) 6 -3.601 -2.867 -0.9940144596126952
37) 7 -3.601 -3.0 -0.9996756339130424
37) 8 -3.734 -2.867 -0.9999890095950709
37) 9 -3.601 -2.734 -0.9817938577948179
37) 10 -3.601 -2.867 -0.9940144596126952
37) 11 -3.601 -3.0 -0.9996756339130424
37) 12 -3.734 -2.867 -0.9999890095950709
37) 13 -3.601 -2.734 -0.9817938577948179
37) 14 -3.601 -2.867 -0.9940144596126952
37) 15 -3.601 -3.0 -0.9996756339130424
37) 16 -3.734 -2.867 -0.9999890095950709
37) 17 -3.601 -2.734 -0.9817938577948179
37) 18 -3.601 -2.867 -0.9940144596126952
37) 19 -3.601 -3.0 -0.9996756339130424
37) 20 -3.734 -2.867 -0.9999890095950709
37) 21 -3.601 -2.734 -0.9817938577948179
37) 22 -3.601 -2.867 -0.9940144596126952
37) 23 -3.601 -3.0 -0.9996756339130424
37) 24 -3.734 -2.867 -0.9999890095950709
37) 25 -3.601 -2.734 -0.9817938577948179
37) 26 -3.601 -2.867 -0.9940144596126952
37) 27 -3.601 -3.0 -0.9996756339130424
37) 28 -3.734 -2.867 -0.9999890095950709
37) 29 -3.601 -2.734 -0.9817938577948179
37) 30 -3.601 -2.867 -0.9940144596126952
37) 31 -3.601 -3.0 -0.9996756339130424
37) 32 -3.734 -2.867 -0.9999890095950709
37) 33 -3.601 -2.734 -0.9817938577948179
37) 34 -3.601 -2.867 -0.9940144596126952
37) 35 -3.601 -3.0 -0.9996756339130424
37) 36 -3.734 -2.867 -0.9999890095950709
37) 37 -3.601 -2.734 -0.9817938577948179
37) 38 -3.601 -2.867 -0.9940144596126952
37) 39 -3.601 -3.0 -0.9996756339130424
37) 40 -3.734 -2.867 -0.9999890095950709
37) 41 -3.601 -2.734 -0.9817938577948179
37) 42 -3.601 -2.867 -0.9940144596126952
37) 43 -3.601 -3.0 -0.9996756339130424
37) 44 -3.734 -2.867 -0.9999890095950709
37) 45 -3.601 -2.734 -0.9817938577948179
37) 46 -3.601 -2.867 -0.9940144596126952
37) 47 -3.601 -3.0 -0.9996756339130424
37) 48 -3.734 -2.867 -0.9999890095950709
37) 49 -3.601 -2.734 -0.9817938577948179
38) 0 8.0 -2.0 0.9240590869570797
38) 1 7.867 -1.867 0.9733181581144525
38) 2 7.734 -1.734 0.9974076347552858
38) 3 7.601 -1.867 0.9996342249575645
38) 4 7.601 -2.0 0.9999835347023427
39) 0 -9.0 9.0 0.16084964506716973
39) 1 -9.133 9.133 0.3425613498797863
39) 2 -9.265999999999998 9.265999999999998 0.5121896063797956
39) 3 -9.398999999999997 9.398999999999997 0.663750977525931
39) 4 -9.531999999999996 9.531999999999996 0.79189931438728
39) 5 -9.664999999999996 9.664999999999996 0.8921143352526859
39) 6 -9.797999999999995 9.797999999999995 0.9608610732462893
39) 7 -9.930999999999994 9.930999999999994 0.9957145681222909
40) 0 8.0 -2.0 0.9240590869570797
40) 1 7.867 -1.867 0.9733181581144525
40) 2 7.734 -1.734 0.9974076347552858
40) 3 7.601 -1.867 0.9996342249575645
40) 4 7.601 -2.0 0.9999835347023427
41) 0 -8.0 -5.0 -0.009203041372185148
41) 1 -7.867 -4.867 0.1730974995409055
41) 2 -7.734 -4.734 0.3494176967419881
41) 3 -7.601 -4.601 0.5138887149997218
41) 4 -7.468 -4.468 0.6610721893850562
41) 5 -7.335 -4.335 0.7861411144070839
41) 6 -7.202 -4.202 0.8850382802895077
41) 7 -7.069 -4.069 0.9546069505151324
41) 8 -6.936 -3.936 0.9926894871771809
41) 9 -6.803 -3.936 0.9999843622145131
42) 0 9.0 7.0 -0.9186368297074818
42) 1 9.0 6.867 -0.9476466815958816
42) 2 9.0 6.734 -0.9701778182463217
42) 3 9.0 6.601 -0.986309363289468
42) 4 9.0 6.468 -0.996172391330827
42) 5 9.0 6.335 -0.9999455631996584
42) 6 9.133 6.468 -0.9808936065878866
42) 7 9.133 6.335 -0.9928735281868674
42) 8 9.133 6.202 -0.9990235857924862
42) 9 9.133 6.069 -0.9995508957373503
42) 10 9.265999999999998 5.936 -0.999961838578407
42) 11 9.398999999999997 6.069 -0.9815208473057617
42) 12 9.398999999999997 5.936 -0.9926934585496201
42) 13 9.398999999999997 5.803 -0.9987245682008183
42) 14 9.398999999999997 5.67 -0.9998237363932556
42) 15 9.265999999999998 5.537 -0.9798145882011019
42) 16 9.398999999999997 5.537 -0.9962281428321415
42) 17 9.531999999999996 5.537 -0.9996103042926903
42) 18 9.398999999999997 5.67 -0.9998237363932556
42) 19 9.265999999999998 5.537 -0.9798145882011019
42) 20 9.398999999999997 5.537 -0.9962281428321415
42) 21 9.531999999999996 5.537 -0.9996103042926903
42) 22 9.398999999999997 5.67 -0.9998237363932556
42) 23 9.265999999999998 5.537 -0.9798145882011019
42) 24 9.398999999999997 5.537 -0.9962281428321415
42) 25 9.531999999999996 5.537 -0.9996103042926903
42) 26 9.398999999999997 5.67 -0.9998237363932556
42) 27 9.265999999999998 5.537 -0.9798145882011019
42) 28 9.398999999999997 5.537 -0.9962281428321415
42) 29 9.531999999999996 5.537 -0.9996103042926903
42) 30 9.398999999999997 5.67 -0.9998237363932556
42) 31 9.265999999999998 5.537 -0.9798145882011019
42) 32 9.398999999999997 5.537 -0.9962281428321415
42) 33 9.531999999999996 5.537 -0.9996103042926903
42) 34 9.398999999999997 5.67 -0.9998237363932556
42) 35 9.265999999999998 5.537 -0.9798145882011019
42) 36 9.398999999999997 5.537 -0.9962281428321415
42) 37 9.531999999999996 5.537 -0.9996103042926903
42) 38 9.398999999999997 5.67 -0.9998237363932556
42) 39 9.265999999999998 5.537 -0.9798145882011019
42) 40 9.398999999999997 5.537 -0.9962281428321415
42) 41 9.531999999999996 5.537 -0.9996103042926903
42) 42 9.398999999999997 5.67 -0.9998237363932556
42) 43 9.265999999999998 5.537 -0.9798145882011019
42) 44 9.398999999999997 5.537 -0.9962281428321415
42) 45 9.531999999999996 5.537 -0.9996103042926903
42) 46 9.398999999999997 5.67 -0.9998237363932556
42) 47 9.265999999999998 5.537 -0.9798145882011019
42) 48 9.398999999999997 5.537 -0.9962281428321415
42) 49 9.531999999999996 5.537 -0.9996103042926903
43) 0 -8.0 -6.0 -0.5440211108893698
43) 1 -8.0 -6.133 -0.6096219546374889
43) 2 -8.0 -6.266 -0.6721068080723009
43) 3 -8.0 -6.399 -0.7308702576950141
43) 4 -8.0 -6.532 -0.7853089076798409
43) 5 -8.0 -6.665 -0.8348286079624336
43) 6 -8.0 -6.798 -0.8788520200746985
43) 7 -8.0 -6.931 -0.9168264327058807
43) 8 -8.0 -7.064 -0.9482317294753172
43) 9 -8.0 -7.197 -0.9725884029514723
43) 10 -8.0 -7.33 -0.9894655017553259
43) 11 -8.0 -7.463 -0.9984883918425638
43) 12 -8.0 -7.596 -0.9993462089513774
43) 13 -7.867 -7.729 -0.9994590154703465
43) 14 -7.734 -7.862 -0.9994609968066301
43) 15 -7.867 -7.995 -0.9756965591533758
43) 16 -7.734 -7.995 -0.9918141511928125
43) 17 -7.601 -7.995 -0.9993527309281293
43) 18 -7.734 -7.862 -0.9994609968066301
43) 19 -7.867 -7.995 -0.9756965591533758
43) 20 -7.734 -7.995 -0.9918141511928125
43) 21 -7.601 -7.995 -0.9993527309281293
43) 22 -7.734 -7.862 -0.9994609968066301
43) 23 -7.867 -7.995 -0.9756965591533758
43) 24 -7.734 -7.995 -0.9918141511928125
43) 25 -7.601 -7.995 -0.9993527309281293
43) 26 -7.734 -7.862 -0.9994609968066301
43) 27 -7.867 -7.995 -0.9756965591533758
43) 28 -7.734 -7.995 -0.9918141511928125
43) 29 -7.601 -7.995 -0.9993527309281293
43) 30 -7.734 -7.862 -0.9994609968066301
43) 31 -7.867 -7.995 -0.9756965591533758
43) 32 -7.734 -7.995 -0.9918141511928125
43) 33 -7.601 -7.995 -0.9993527309281293
43) 34 -7.734 -7.862 -0.9994609968066301
43) 35 -7.867 -7.995 -0.9756965591533758
43) 36 -7.734 -7.995 -0.9918141511928125
43) 37 -7.601 -7.995 -0.9993527309281293
43) 38 -7.734 -7.862 -0.9994609968066301
43) 39 -7.867 -7.995 -0.9756965591533758
43) 40 -7.734 -7.995 -0.9918141511928125
43) 41 -7.601 -7.995 -0.9993527309281293
43) 42 -7.734 -7.862 -0.9994609968066301
43) 43 -7.867 -7.995 -0.9756965591533758
43) 44 -7.734 -7.995 -0.9918141511928125
43) 45 -7.601 -7.995 -0.9993527309281293
43) 46 -7.734 -7.862 -0.9994609968066301
43) 47 -7.867 -7.995 -0.9756965591533758
43) 48 -7.734 -7.995 -0.9918141511928125
43) 49 -7.601 -7.995 -0.9993527309281293
44) 0 -1.0 7.0 0.7088612918380416
44) 1 -1.133 7.133 0.8071076125648302
44) 2 -1.266 7.266 0.8876798093045365
44) 3 -1.399 7.399 0.9480071530661819
44) 4 -1.532 7.532 0.9859617511310689
44) 5 -1.665 7.665 0.999947680725705
45) 0 -5.0 0.0 -0.9589242746631385
45) 1 -4.867 0.0 -0.9880715068572294
45) 2 -4.734 0.0 -0.9997664910039011
45) 3 -4.867 0.133 -0.987790081313692
45) 4 -4.867 0.0 -0.9880715068572294
45) 5 -4.734 0.0 -0.9997664910039011
45) 6 -4.867 0.133 -0.987790081313692
45) 7 -4.867 0.0 -0.9880715068572294
45) 8 -4.734 0.0 -0.9997664910039011
45) 9 -4.867 0.133 -0.987790081313692
45) 10 -4.867 0.0 -0.9880715068572294
45) 11 -4.734 0.0 -0.9997664910039011
45) 12 -4.867 0.133 -0.987790081313692
45) 13 -4.867 0.0 -0.9880715068572294
45) 14 -4.734 0.0 -0.9997664910039011
45) 15 -4.867 0.133 -0.987790081313692
45) 16 -4.867 0.0 -0.9880715068572294
45) 17 -4.734 0.0 -0.9997664910039011
45) 18 -4.867 0.133 -0.987790081313692
45) 19 -4.867 0.0 -0.9880715068572294
45) 20 -4.734 0.0 -0.9997664910039011
45) 21 -4.867 0.133 -0.987790081313692
45) 22 -4.867 0.0 -0.9880715068572294
45) 23 -4.734 0.0 -0.9997664910039011
45) 24 -4.867 0.133 -0.987790081313692
45) 25 -4.867 0.0 -0.9880715068572294
45) 26 -4.734 0.0 -0.9997664910039011
45) 27 -4.867 0.133 -0.987790081313692
45) 28 -4.867 0.0 -0.9880715068572294
45) 29 -4.734 0.0 -0.9997664910039011
45) 30 -4.867 0.133 -0.987790081313692
45) 31 -4.867 0.0 -0.9880715068572294
45) 32 -4.734 0.0 -0.9997664910039011
45) 33 -4.867 0.133 -0.987790081313692
45) 34 -4.867 0.0 -0.9880715068572294
45) 35 -4.734 0.0 -0.9997664910039011
45) 36 -4.867 0.133 -0.987790081313692
45) 37 -4.867 0.0 -0.9880715068572294
45) 38 -4.734 0.0 -0.9997664910039011
45) 39 -4.867 0.133 -0.987790081313692
45) 40 -4.867 0.0 -0.9880715068572294
45) 41 -4.734 0.0 -0.9997664910039011
45) 42 -4.867 0.133 -0.987790081313692
45) 43 -4.867 0.0 -0.9880715068572294
45) 44 -4.734 0.0 -0.9997664910039011
45) 45 -4.867 0.133 -0.987790081313692
45) 46 -4.867 0.0 -0.9880715068572294
45) 47 -4.734 0.0 -0.9997664910039011
45) 48 -4.867 0.133 -0.987790081313692
45) 49 -4.867 0.0 -0.9880715068572294
46) 0 -10.0 -9.0 0.7753400962492819
46) 1 -10.0 -9.133 0.8285911722984332
46) 2 -10.0 -9.265999999999998 0.8755783978197873
46) 3 -10.0 -9.398999999999997 0.9157517920693761
46) 4 -10.0 -9.531999999999996 0.9486065216862895
46) 5 -10.0 -9.664999999999996 0.9736904268580037
46) 6 -10.0 -9.797999999999995 0.990611281594012
46) 7 -10.0 -9.930999999999994 0.9990436797835108
47) 0 8.0 -7.0 -0.9339707316330099
47) 1 8.0 -7.133 -0.9617761934830893
47) 2 8.0 -7.266 -0.9823028985846985
47) 3 8.0 -7.399 -0.9951481606350068
47) 4 8.0 -7.532 -0.9999695234109127
47) 5 8.133 -7.399 -0.9999998569134108
47) 6 7.999999999999999 -7.266 -0.9823028985846982
47) 7 7.999999999999999 -7.399 -0.9951481606350068
47) 8 7.999999999999999 -7.532 -0.9999695234109127
47) 9 8.133 -7.399 -0.9999998569134108
47) 10 7.999999999999999 -7.266 -0.9823028985846982
47) 11 7.999999999999999 -7.399 -0.9951481606350068
47) 12 7.999999999999999 -7.532 -0.9999695234109127
47) 13 8.133 -7.399 -0.9999998569134108
47) 14 7.999999999999999 -7.266 -0.9823028985846982
47) 15 7.999999999999999 -7.399 -0.9951481606350068
47) 16 7.999999999999999 -7.532 -0.9999695234109127
47) 17 8.133 -7.399 -0.9999998569134108
47) 18 7.999999999999999 -7.266 -0.9823028985846982
47) 19 7.999999999999999 -7.399 -0.9951481606350068
47) 20 7.999999999999999 -7.532 -0.9999695234109127
47) 21 8.133 -7.399 -0.9999998569134108
47) 22 7.999999999999999 -7.266 -0.9823028985846982
47) 23 7.999999999999999 -7.399 -0.9951481606350068
47) 24 7.999999999999999 -7.532 -0.9999695234109127
47) 25 8.133 -7.399 -0.9999998569134108
47) 26 7.999999999999999 -7.266 -0.9823028985846982
47) 27 7.999999999999999 -7.399 -0.9951481606350068
47) 28 7.999999999999999 -7.532 -0.9999695234109127
47) 29 8.133 -7.399 -0.9999998569134108
47) 30 7.999999999999999 -7.266 -0.9823028985846982
47) 31 7.999999999999999 -7.399 -0.9951481606350068
47) 32 7.999999999999999 -7.532 -0.9999695234109127
47) 33 8.133 -7.399 -0.9999998569134108
47) 34 7.999999999999999 -7.266 -0.9823028985846982
47) 35 7.999999999999999 -7.399 -0.9951481606350068
47) 36 7.999999999999999 -7.532 -0.9999695234109127
47) 37 8.133 -7.399 -0.9999998569134108
47) 38 7.999999999999999 -7.266 -0.9823028985846982
47) 39 7.999999999999999 -7.399 -0.9951481606350068
47) 40 7.999999999999999 -7.532 -0.9999695234109127
47) 41 8.133 -7.399 -0.9999998569134108
47) 42 7.999999999999999 -7.266 -0.9823028985846982
47) 43 7.999999999999999 -7.399 -0.9951481606350068
47) 44 7.999999999999999 -7.532 -0.9999695234109127
47) 45 8.133 -7.399 -0.9999998569134108
47) 46 7.999999999999999 -7.266 -0.9823028985846982
47) 47 7.999999999999999 -7.399 -0.9951481606350068
47) 48 7.999999999999999 -7.532 -0.9999695234109127
47) 49 8.133 -7.399 -0.9999998569134108
48) 0 -4.0 1.0 -0.8313391791635062
48) 1 -4.133 1.0 -0.895993866261174
48) 2 -4.266 1.0 -0.9457988912492419
48) 3 -4.399 1.0 -0.9798357740314471
48) 4 -4.532 1.0 -0.9974539875468814
48) 5 -4.665 1.0 -0.9982841915916111
48) 6 -4.665 0.867 -0.9994721181353943
48) 7 -4.665 0.734 -0.9999499757253227
48) 8 -4.665 0.601 -0.9999609772326274
48) 9 -4.532 0.46799999999999997 -0.9878117306283923
48) 10 -4.665 0.46799999999999997 -0.9997126731432348
48) 11 -4.665 0.601 -0.9999609772326274
48) 12 -4.532 0.46799999999999997 -0.9878117306283923
48) 13 -4.665 0.46799999999999997 -0.9997126731432348
48) 14 -4.665 0.601 -0.9999609772326274
48) 15 -4.532 0.46799999999999997 -0.9878117306283923
48) 16 -4.665 0.46799999999999997 -0.9997126731432348
48) 17 -4.665 0.601 -0.9999609772326274
48) 18 -4.532 0.46799999999999997 -0.9878117306283923
48) 19 -4.665 0.46799999999999997 -0.9997126731432348
48) 20 -4.665 0.601 -0.9999609772326274
48) 21 -4.532 0.46799999999999997 -0.9878117306283923
48) 22 -4.665 0.46799999999999997 -0.9997126731432348
48) 23 -4.665 0.601 -0.9999609772326274
48) 24 -4.532 0.46799999999999997 -0.9878117306283923
48) 25 -4.665 0.46799999999999997 -0.9997126731432348
48) 26 -4.665 0.601 -0.9999609772326274
48) 27 -4.532 0.46799999999999997 -0.9878117306283923
48) 28 -4.665 0.46799999999999997 -0.9997126731432348
48) 29 -4.665 0.601 -0.9999609772326274
48) 30 -4.532 0.46799999999999997 -0.9878117306283923
48) 31 -4.665 0.46799999999999997 -0.9997126731432348
48) 32 -4.665 0.601 -0.9999609772326274
48) 33 -4.532 0.46799999999999997 -0.9878117306283923
48) 34 -4.665 0.46799999999999997 -0.9997126731432348
48) 35 -4.665 0.601 -0.9999609772326274
48) 36 -4.532 0.46799999999999997 -0.9878117306283923
48) 37 -4.665 0.46799999999999997 -0.9997126731432348
48) 38 -4.665 0.601 -0.9999609772326274
48) 39 -4.532 0.46799999999999997 -0.9878117306283923
48) 40 -4.665 0.46799999999999997 -0.9997126731432348
48) 41 -4.665 0.601 -0.9999609772326274
48) 42 -4.532 0.46799999999999997 -0.9878117306283923
48) 43 -4.665 0.46799999999999997 -0.9997126731432348
48) 44 -4.665 0.601 -0.9999609772326274
48) 45 -4.532 0.46799999999999997 -0.9878117306283923
48) 46 -4.665 0.46799999999999997 -0.9997126731432348
48) 47 -4.665 0.601 -0.9999609772326274
48) 48 -4.532 0.46799999999999997 -0.9878117306283923
48) 49 -4.665 0.46799999999999997 -0.9997126731432348
49) 0 -6.0 9.0 -0.9840363888387289
49) 1 -5.867 9.133 -0.9901508749262682
49) 2 -5.734 9.265999999999998 -0.9951133867001725
49) 3 -5.601 9.398999999999997 -0.9985283955371685
49) 4 -5.468 9.531999999999996 -0.9999783676074675
49) 5 -5.335 9.398999999999997 -0.9823779481859181
49) 6 -5.202 9.531999999999996 -0.9907004212322003
49) 7 -5.069 9.664999999999996 -0.9966431933868558
49) 8 -4.936 9.797999999999995 -0.9997003687564519
49) 9 -4.803 9.664999999999996 -0.9794789941073362
49) 10 -4.67 9.797999999999995 -0.9899976100838216
49) 11 -4.537 9.930999999999994 -0.9970153153954802
49) 12 -4.404 10.063999999999993 -0.9999483806752901
49) 13 -4.271 10.196999999999992 -0.9982153514795162
49) 14 -4.271 10.063999999999993 -0.9980286802815863
49) 15 -4.138 10.196999999999992 -0.999959009015719
49) 16 -4.138 10.063999999999993 -0.9935010923456694
49) 17 -4.005 10.196999999999992 -0.9991895339525791
49) 18 -4.005 10.063999999999993 -0.9865905499389026
49) 19 -3.872 10.196999999999992 -0.9961144316908185
49) 20 -3.872 10.063999999999993 -0.9775242002249016
49) 21 -3.739 10.196999999999992 -0.9909437638131527
49) 22 -3.739 10.063999999999993 -0.9665294613158327
49) 23 -3.606 10.196999999999992 -0.9838883366258191
49) 24 -3.606 10.063999999999993 -0.9538322521709184
49) 25 -3.473 10.196999999999992 -0.9751580462265201
49) 26 -3.473 10.063999999999993 -0.939655399669021
49) 27 -3.34 10.196999999999992 -0.9649603836701718
49) 28 -3.34 10.063999999999993 -0.9242172242257738
49) 29 -3.207 10.196999999999992 -0.9534991013121412
49) 30 -3.207 10.063999999999993 -0.9077303027894976
49) 31 -3.074 10.196999999999992 -0.9409730391255721
49) 32 -3.074 10.063999999999993 -0.8904004057560614
49) 33 -2.941 10.196999999999992 -0.9275751077290716
49) 34 -2.941 10.063999999999993 -0.8724256023020972
49) 35 -2.808 10.196999999999992 -0.9134914230327752
49) 36 -2.808 10.063999999999993 -0.8539955268547008
49) 37 -2.675 10.196999999999992 -0.8989005858191826
49) 38 -2.675 10.063999999999993 -0.8352907978952212
49) 39 -2.542 10.196999999999992 -0.8839730982207239
49) 40 -2.542 10.063999999999993 -0.8164825790318689
49) 41 -2.409 10.196999999999992 -0.8688709079353824
49) 42 -2.409 10.063999999999993 -0.7977322712638187
49) 43 -2.276 10.196999999999992 -0.8537470701283417
49) 44 -2.276 10.063999999999993 -0.7791913245880386
49) 45 -2.143 10.196999999999992 -0.8387455162920613
49) 46 -2.143 10.063999999999993 -0.7610011565564179
49) 47 -2.01 10.196999999999992 -0.8240009188678398
49) 48 -2.01 10.063999999999993 -0.7432931650598089
49) 49 -1.8769999999999998 10.196999999999992 -0.8096386401551795
END
TOTAL TIME: 120027899
POINT TIME: 65937336
BEST: -2.01 10.063999999999993 -0.7432931650598089
