-10
10
-10
10
0
0
0
0) 0 0.0 -2.0 0.9092974268256817
0) 1 0.533 -1.467 0.9999502973350467
1) 0 2.0 4.0 -0.9712777989606532
1) 1 2.533 4.0 -0.9997541613509473
1) 2 3.066 4.533 -0.7247476403345408
1) 3 3.066 4.0 -0.9468534808567651
1) 4 3.066 3.467 -0.9964601057913667
1) 5 3.5989999999999998 2.934 -0.9976211553092211
1) 6 4.132 2.4010000000000002 -0.99778659398392
1) 7 4.665 2.934 -0.697737527745142
1) 8 4.665 2.4010000000000002 -0.8606602106142435
1) 9 4.665 1.8680000000000003 -0.9515024700146956
1) 10 4.665 1.3350000000000004 -0.9902336574250996
1) 11 4.665 0.8020000000000004 -0.9997784915718615
1) 12 5.198 1.3350000000000004 -0.7934697004765326
1) 13 5.198 0.8020000000000004 -0.8540276448158475
1) 14 5.198 0.26900000000000035 -0.8811219360708872
1) 15 5.198 -0.2639999999999997 -0.8812429726348923
1) 16 4.665 -0.2639999999999997 -0.9992031088255223
1) 17 4.665 -0.7969999999999997 -0.9997959110822751
1) 18 5.198 -1.3299999999999996 -0.7942247363720759
1) 19 4.665 -1.3299999999999996 -0.990424181160417
1) 20 4.665 -0.7969999999999996 -0.9997959110822751
1) 21 5.198 -1.3299999999999996 -0.7942247363720759
1) 22 4.665 -1.3299999999999996 -0.990424181160417
1) 23 4.665 -0.7969999999999996 -0.9997959110822751
1) 24 5.198 -1.3299999999999996 -0.7942247363720759
1) 25 4.665 -1.3299999999999996 -0.990424181160417
1) 26 4.665 -0.7969999999999996 -0.9997959110822751
1) 27 5.198 -1.3299999999999996 -0.7942247363720759
1) 28 4.665 -1.3299999999999996 -0.990424181160417
1) 29 4.665 -0.7969999999999996 -0.9997959110822751
1) 30 5.198 -1.3299999999999996 -0.7942247363720759
1) 31 4.665 -1.3299999999999996 -0.990424181160417
1) 32 4.665 -0.7969999999999996 -0.9997959110822751
1) 33 5.198 -1.3299999999999996 -0.7942247363720759
1) 34 4.665 -1.3299999999999996 -0.990424181160417
1) 35 4.665 -0.7969999999999996 -0.9997959110822751
1) 36 5.198 -1.3299999999999996 -0.7942247363720759
1) 37 4.665 -1.3299999999999996 -0.990424181160417
1) 38 4.665 -0.7969999999999996 -0.9997959110822751
1) 39 5.198 -1.3299999999999996 -0.7942247363720759
1) 40 4.665 -1.3299999999999996 -0.990424181160417
1) 41 4.665 -0.7969999999999996 -0.9997959110822751
1) 42 5.198 -1.3299999999999996 -0.7942247363720759
1) 43 4.665 -1.3299999999999996 -0.990424181160417
1) 44 4.665 -0.7969999999999996 -0.9997959110822751
1) 45 5.198 -1.3299999999999996 -0.7942247363720759
1) 46 4.665 -1.3299999999999996 -0.990424181160417
1) 47 4.665 -0.7969999999999996 -0.9997959110822751
1) 48 5.198 -1.3299999999999996 -0.7942247363720759
1) 49 4.665 -1.3299999999999996 -0.990424181160417
2) 0 -3.0 -1.0 -0.020683531529582487
2) 1 -2.467 -0.46699999999999997 0.5897751909296549
2) 2 -1.9340000000000002 0.06600000000000006 0.934362882497889
2) 3 -1.4010000000000002 0.5990000000000001 0.9988902506368345
3) 0 -2.0 -7.0 0.8398053526495963
3) 1 -2.0 -7.533 0.9982003063846395
4) 0 6.0 -3.0 0.4123377500596421
4) 1 6.533 -3.533 0.9102714179659664
4) 2 7.066000000000001 -3.533 0.998940045816394
5) 0 3.0 -10.0 -0.8497593056327711
5) 1 3.0 -10.533 -0.9990463808354988
5) 2 3.0 -11.065999999999999 -0.8916282756393022
5) 3 3.0 -11.598999999999998 -0.5527712772234316
5) 4 3.0 -12.131999999999998 -0.06889929240394063
5) 5 3.533 -12.131999999999998 0.06953433315531378
5) 6 4.066 -12.131999999999998 0.22686182138670397
5) 7 4.599 -12.131999999999998 0.3968426377239298
5) 8 5.132000000000001 -12.131999999999998 0.5699430359883105
5) 9 5.665000000000001 -12.131999999999998 0.7332502332296709
5) 10 6.198000000000001 -12.131999999999998 0.8709643196329612
5) 11 6.731000000000002 -12.131999999999998 0.9656076117335315
5) 12 7.264000000000002 -12.131999999999998 0.999994749882592
6) 0 2.0 -6.0 0.04135821352247398
6) 1 2.533 -6.533 0.6621477318998719
6) 2 3.066 -7.066000000000001 0.988550595486673
6) 3 3.5989999999999998 -7.066000000000001 0.9971298909298211
7) 0 -4.0 -8.0 0.4622279808582701
7) 1 -3.467 -7.467 0.9291655560532518
7) 2 -3.467 -6.933999999999999 0.9948498546387456
8) 0 1.0 -9.0 0.36104927727853203
8) 1 0.46699999999999997 -8.467 0.8104436137308336
8) 2 -0.06600000000000006 -7.934 0.9967782584541707
9) 0 4.0 2.0 -0.9712777989606532
9) 1 4.533 1.467 -0.9986440704524271
9) 2 5.066000000000001 2.0 -0.7424269834015796
9) 3 5.066000000000001 1.467 -0.8463291357803439
9) 4 5.066000000000001 0.934 -0.9051811282457272
9) 5 5.066000000000001 0.401 -0.9325236210505328
9) 6 5.066000000000001 -0.132 -0.9375315841175955
9) 7 4.533 -0.132 -0.984293932977005
9) 8 4.533 -0.665 -0.9914487058977803
9) 9 4.533 -1.198 -0.9997178743954018
9) 10 4.0 -0.6649999999999999 -0.7915301159593464
9) 11 4.0 -1.198 -0.8593287422157577
9) 12 4.0 -1.7309999999999999 -0.9380256790118445
9) 13 4.0 -2.264 -0.9932657390149934
9) 14 3.467 -1.7309999999999999 -0.6694839040303451
9) 15 3.467 -2.264 -0.8410137284911529
9) 16 3.467 -2.7969999999999997 -0.9669513565510798
9) 17 3.467 -3.3299999999999996 -0.9955106012968339
9) 18 4.0 -3.8629999999999995 -0.6611577092574339
9) 19 4.533 -4.396 0.03130915964850946
9) 20 5.066000000000001 -4.929 0.7068328604113872
9) 21 5.599000000000001 -5.462000000000001 0.9994856855855428
9) 22 5.066000000000001 -5.995000000000001 0.9999868118325426
10) 0 6.0 4.0 0.8003730606575937
10) 1 6.533 4.533 0.9952376667786823
10) 2 6.0 5.066000000000001 0.9999991339414862
11) 0 0.0 -1.0 0.8414709848078965
11) 1 0.0 -1.533 0.9992858038692868
12) 0 -10.0 -9.0 0.7753400962492819
12) 1 -10.0 -9.533 0.9488246471225068
13) 0 -7.0 2.0 0.8398053526495963
13) 1 -7.533 2.0 0.9982003063846395
14) 0 1.0 -5.0 -0.9261848392897116
14) 1 1.533 -4.467 -0.9999465328479222
14) 2 2.066 -5.0 -0.7663638276501206
14) 3 2.5989999999999998 -4.467 -0.8979639866257783
14) 4 3.1319999999999997 -3.9339999999999997 -0.9504525768710043
14) 5 3.6649999999999996 -3.401 -0.958951899080437
14) 6 3.1319999999999997 -3.401 -0.9960469118439551
14) 7 3.6649999999999996 -2.868 -0.9982828639006204
14) 8 3.1319999999999997 -2.335 -0.692553879628944
14) 9 3.1319999999999997 -2.868 -0.8935328640953486
14) 10 3.1319999999999997 -3.401 -0.9960469118439551
14) 11 3.6649999999999996 -2.868 -0.9982828639006204
14) 12 3.1319999999999997 -2.335 -0.692553879628944
14) 13 3.1319999999999997 -2.868 -0.8935328640953486
14) 14 3.1319999999999997 -3.401 -0.9960469118439551
14) 15 3.6649999999999996 -2.868 -0.9982828639006204
14) 16 3.1319999999999997 -2.335 -0.692553879628944
14) 17 3.1319999999999997 -2.868 -0.8935328640953486
14) 18 3.1319999999999997 -3.401 -0.9960469118439551
14) 19 3.6649999999999996 -2.868 -0.9982828639006204
14) 20 3.1319999999999997 -2.335 -0.692553879628944
14) 21 3.1319999999999997 -2.868 -0.8935328640953486
14) 22 3.1319999999999997 -3.401 -0.9960469118439551
14) 23 3.6649999999999996 -2.868 -0.9982828639006204
14) 24 3.1319999999999997 -2.335 -0.692553879628944
14) 25 3.1319999999999997 -2.868 -0.8935328640953486
14) 26 3.1319999999999997 -3.401 -0.9960469118439551
14) 27 3.6649999999999996 -2.868 -0.9982828639006204
14) 28 3.1319999999999997 -2.335 -0.692553879628944
14) 29 3.1319999999999997 -2.868 -0.8935328640953486
14) 30 3.1319999999999997 -3.401 -0.9960469118439551
14) 31 3.6649999999999996 -2.868 -0.9982828639006204
14) 32 3.1319999999999997 -2.335 -0.692553879628944
14) 33 3.1319999999999997 -2.868 -0.8935328640953486
14) 34 3.1319999999999997 -3.401 -0.9960469118439551
14) 35 3.6649999999999996 -2.868 -0.9982828639006204
14) 36 3.1319999999999997 -2.335 -0.692553879628944
14) 37 3.1319999999999997 -2.868 -0.8935328640953486
14) 38 3.1319999999999997 -3.401 -0.9960469118439551
14) 39 3.6649999999999996 -2.868 -0.9982828639006204
14) 40 3.1319999999999997 -2.335 -0.692553879628944
14) 41 3.1319999999999997 -2.868 -0.8935328640953486
14) 42 3.1319999999999997 -3.401 -0.9960469118439551
14) 43 3.6649999999999996 -2.868 -0.9982828639006204
14) 44 3.1319999999999997 -2.335 -0.692553879628944
14) 45 3.1319999999999997 -2.868 -0.8935328640953486
14) 46 3.1319999999999997 -3.401 -0.9960469118439551
14) 47 3.6649999999999996 -2.868 -0.9982828639006204
14) 48 3.1319999999999997 -2.335 -0.692553879628944
14) 49 3.1319999999999997 -2.868 -0.8935328640953486
15) 0 1.0 4.0 -0.8313391791635062
15) 1 1.533 4.0 -0.9095116547615283
15) 2 2.066 4.0 -0.9779579174888783
15) 3 2.5989999999999998 4.0 -0.9983294509944868
15) 4 3.1319999999999997 3.467 -0.9991927902681178
15) 5 3.6649999999999996 2.934 -0.9998442557743615
15) 6 3.1319999999999997 2.4010000000000002 -0.7207104532529127
15) 7 3.6649999999999996 2.4010000000000002 -0.9457347603636176
15) 8 4.1979999999999995 2.4010000000000002 -0.9923557371890467
15) 9 4.1979999999999995 1.8680000000000003 -0.993100006752017
15) 10 3.6649999999999996 1.3350000000000004 -0.688180170647638
15) 11 4.1979999999999995 1.3350000000000004 -0.9531750428996467
15) 12 4.731 1.3350000000000004 -0.9793935597394374
15) 13 4.731 0.8020000000000004 -0.9962950703896715
15) 14 4.731 0.26900000000000035 -0.9996554259028411
15) 15 4.731 -0.2639999999999997 -0.9996627678867502
15) 16 5.264 -0.7969999999999997 -0.8187278824967271
15) 17 4.731 -0.7969999999999997 -0.9963663757861254
15) 18 4.731 -0.2639999999999997 -0.9996627678867502
15) 19 5.264 -0.7969999999999997 -0.8187278824967271
15) 20 4.731 -0.7969999999999997 -0.9963663757861254
15) 21 4.731 -0.2639999999999997 -0.9996627678867502
15) 22 5.264 -0.7969999999999997 -0.8187278824967271
15) 23 4.731 -0.7969999999999997 -0.9963663757861254
15) 24 4.731 -0.2639999999999997 -0.9996627678867502
15) 25 5.264 -0.7969999999999997 -0.8187278824967271
15) 26 4.731 -0.7969999999999997 -0.9963663757861254
15) 27 4.731 -0.2639999999999997 -0.9996627678867502
15) 28 5.264 -0.7969999999999997 -0.8187278824967271
15) 29 4.731 -0.7969999999999997 -0.9963663757861254
15) 30 4.731 -0.2639999999999997 -0.9996627678867502
15) 31 5.264 -0.7969999999999997 -0.8187278824967271
15) 32 4.731 -0.7969999999999997 -0.9963663757861254
15) 33 4.731 -0.2639999999999997 -0.9996627678867502
15) 34 5.264 -0.7969999999999997 -0.8187278824967271
15) 35 4.731 -0.7969999999999997 -0.9963663757861254
15) 36 4.731 -0.2639999999999997 -0.9996627678867502
15) 37 5.264 -0.7969999999999997 -0.8187278824967271
15) 38 4.731 -0.7969999999999997 -0.9963663757861254
15) 39 4.731 -0.2639999999999997 -0.9996627678867502
15) 40 5.264 -0.7969999999999997 -0.8187278824967271
15) 41 4.731 -0.7969999999999997 -0.9963663757861254
15) 42 4.731 -0.2639999999999997 -0.9996627678867502
15) 43 5.264 -0.7969999999999997 -0.8187278824967271
15) 44 4.731 -0.7969999999999997 -0.9963663757861254
15) 45 4.731 -0.2639999999999997 -0.9996627678867502
15) 46 5.264 -0.7969999999999997 -0.8187278824967271
15) 47 4.731 -0.7969999999999997 -0.9963663757861254
15) 48 4.731 -0.2639999999999997 -0.9996627678867502
15) 49 5.264 -0.7969999999999997 -0.8187278824967271
16) 0 6.0 5.0 0.9990439103118804
17) 0 -5.0 3.0 -0.43697551727207756
17) 1 -5.533 3.533 0.2778762919512303
17) 2 -6.066000000000001 4.066 0.8518282754946623
17) 3 -6.599000000000001 4.066 0.9947097392285068
18) 0 5.0 8.0 -0.009203041372185148
18) 1 4.467 7.467 0.6621006704539777
18) 2 3.9339999999999997 6.933999999999999 0.9930148746486177
18) 3 4.467 6.400999999999999 0.9988282833238626
19) 0 9.0 -7.0 -0.9186368297074818
19) 1 8.467 -7.0 -0.9999532441470699
19) 2 7.934 -6.467 -0.7249525745133215
19) 3 7.934 -7.0 -0.9151125811525801
19) 4 7.934 -7.533 -0.9984835550942847
19) 5 8.467 -7.0 -0.9999532441470699
19) 6 7.934 -6.467 -0.7249525745133215
19) 7 7.934 -7.0 -0.9151125811525801
19) 8 7.934 -7.533 -0.9984835550942847
19) 9 8.467 -7.0 -0.9999532441470699
19) 10 7.934 -6.467 -0.7249525745133215
19) 11 7.934 -7.0 -0.9151125811525801
19) 12 7.934 -7.533 -0.9984835550942847
19) 13 8.467 -7.0 -0.9999532441470699
19) 14 7.934 -6.467 -0.7249525745133215
19) 15 7.934 -7.0 -0.9151125811525801
19) 16 7.934 -7.533 -0.9984835550942847
19) 17 8.467 -7.0 -0.9999532441470699
19) 18 7.934 -6.467 -0.7249525745133215
19) 19 7.934 -7.0 -0.9151125811525801
19) 20 7.934 -7.533 -0.9984835550942847
19) 21 8.467 -7.0 -0.9999532441470699
19) 22 7.934 -6.467 -0.7249525745133215
19) 23 7.934 -7.0 -0.9151125811525801
19) 24 7.934 -7.533 -0.9984835550942847
19) 25 8.467 -7.0 -0.9999532441470699
19) 26 7.934 -6.467 -0.7249525745133215
19) 27 7.934 -7.0 -0.9151125811525801
19) 28 7.934 -7.533 -0.9984835550942847
19) 29 8.467 -7.0 -0.9999532441470699
19) 30 7.934 -6.467 -0.7249525745133215
19) 31 7.934 -7.0 -0.9151125811525801
19) 32 7.934 -7.533 -0.9984835550942847
19) 33 8.467 -7.0 -0.9999532441470699
19) 34 7.934 -6.467 -0.7249525745133215
19) 35 7.934 -7.0 -0.9151125811525801
19) 36 7.934 -7.533 -0.9984835550942847
19) 37 8.467 -7.0 -0.9999532441470699
19) 38 7.934 -6.467 -0.7249525745133215
19) 39 7.934 -7.0 -0.9151125811525801
19) 40 7.934 -7.533 -0.9984835550942847
19) 41 8.467 -7.0 -0.9999532441470699
19) 42 7.934 -6.467 -0.7249525745133215
19) 43 7.934 -7.0 -0.9151125811525801
19) 44 7.934 -7.533 -0.9984835550942847
19) 45 8.467 -7.0 -0.9999532441470699
19) 46 7.934 -6.467 -0.7249525745133215
19) 47 7.934 -7.0 -0.9151125811525801
19) 48 7.934 -7.533 -0.9984835550942847
19) 49 8.467 -7.0 -0.9999532441470699
20) 0 -9.0 -9.0 0.16084964506716973
20) 1 -9.533 -9.533 0.7927621140898147
21) 0 9.0 6.0 -0.9840363888387289
21) 1 9.533 5.467 -0.9999807322933947
21) 2 10.065999999999999 5.467 -0.8963959344663334
21) 3 10.065999999999999 4.933999999999999 -0.977054963494602
21) 4 10.065999999999999 4.400999999999999 -0.9999545846505178
21) 5 10.598999999999998 4.400999999999999 -0.8866164461469116
21) 6 10.598999999999998 3.867999999999999 -0.959050457575228
21) 7 10.598999999999998 3.334999999999999 -0.9933110505744825
21) 8 10.598999999999998 2.801999999999999 -0.9994734130333067
21) 9 11.131999999999998 2.801999999999999 -0.8853027593139647
21) 10 11.131999999999998 2.2689999999999992 -0.9340115966010119
21) 11 11.131999999999998 1.7359999999999993 -0.9635105277986665
21) 12 11.131999999999998 1.2029999999999994 -0.9798196278977519
21) 13 11.131999999999998 0.6699999999999994 -0.9877679239338882
21) 14 11.131999999999998 0.13699999999999934 -0.9905934362570521
21) 15 11.664999999999997 0.13699999999999934 -0.7836787032469321
21) 16 12.197999999999997 0.13699999999999934 -0.3593780119561383
21) 17 12.730999999999996 0.13699999999999934 0.16461384424795056
21) 18 12.730999999999996 0.6699999999999994 0.18124019911089614
21) 19 12.730999999999996 1.2029999999999994 0.2195381685762745
21) 20 12.730999999999996 1.7359999999999993 0.2787043880244603
21) 21 12.730999999999996 2.2689999999999992 0.3571795743036564
21) 22 12.730999999999996 2.801999999999999 0.452291381327864
21) 23 12.730999999999996 3.334999999999999 0.5598450208467521
21) 24 12.730999999999996 3.867999999999999 0.6737406759048816
21) 25 12.730999999999996 4.400999999999999 0.7857216121158271
21) 26 12.730999999999996 4.933999999999999 0.8853749014494108
21) 27 12.730999999999996 5.467 0.9605088290403986
21) 28 12.730999999999996 6.0 0.9980076162556513
22) 0 -3.0 -4.0 -0.9589242746631385
22) 1 -2.467 -4.0 -0.9999180163057412
22) 2 -1.9340000000000002 -3.467 -0.7368168499645235
22) 3 -1.9340000000000002 -4.0 -0.9639368992437876
22) 4 -1.9340000000000002 -4.533 -0.9767750147135057
22) 5 -1.4010000000000002 -4.533 -0.9994824204036642
22) 6 -1.9340000000000002 -5.066000000000001 -0.7582170206261412
22) 7 -1.4010000000000002 -5.066000000000001 -0.855766769937476
22) 8 -0.8680000000000002 -5.066000000000001 -0.9100324573801879
22) 9 -0.3350000000000002 -5.066000000000001 -0.934239638193864
22) 10 0.19799999999999984 -5.066000000000001 -0.93678197825391
22) 11 0.7309999999999999 -4.533 -0.992709406984648
22) 12 1.2639999999999998 -4.533 -0.999979146235242
22) 13 1.7969999999999997 -5.066000000000001 -0.7882204112566595
22) 14 2.3299999999999996 -4.533 -0.9270334937464804
22) 15 2.8629999999999995 -4.0 -0.9787274259822376
22) 16 3.3959999999999995 -3.467 -0.9901118258520597
22) 17 3.9289999999999994 -4.0 -0.6259201816716716
22) 18 4.462 -4.533 0.0773609533086094
22) 19 4.995 -5.066000000000001 0.7387360816288034
22) 20 5.5280000000000005 -5.599000000000001 0.9998998098474187
23) 0 -8.0 -9.0 -0.5010191903189258
23) 1 -8.533 -9.533 0.22581116235970425
23) 2 -9.065999999999999 -9.533 0.5557405442459424
23) 3 -9.598999999999998 -9.533 0.8203808988954965
24) 0 2.0 0.0 0.9092974268256817
24) 1 1.467 0.533 0.9999502973350467
25) 0 -6.0 -5.0 0.9990439103118804
26) 0 4.0 -9.0 -0.41148230684214054
26) 1 3.467 -8.467 0.2719812699474241
26) 2 2.934 -7.934 0.8224233646504048
26) 3 2.4010000000000002 -7.401 0.9973175585109485
27) 0 -2.0 7.0 0.8398053526495963
27) 1 -2.0 7.533 0.9982003063846395
28) 0 2.0 9.0 0.2037957684966491
28) 1 1.467 8.467 0.7390309817084504
28) 2 0.934 7.934 0.990927556492783
28) 3 0.401 7.934 0.9959396390257715
28) 4 -0.132 7.934 0.9967118725048498
29) 0 -3.0 7.0 0.9717622535057333
29) 1 -3.533 7.0 0.9999164072910056
30) 0 -8.0 -8.0 -0.949820680215173
30) 1 -7.467 -8.0 -0.99863466484269
30) 2 -6.933999999999999 -8.533 -0.9999998922414988
30) 3 -6.400999999999999 -7.999999999999999 -0.7317224162929459
30) 4 -6.400999999999999 -8.533 -0.9465033891838338
30) 5 -6.400999999999999 -9.065999999999999 -0.9947611299367992
30) 6 -6.933999999999999 -8.533 -0.9999998922414988
30) 7 -6.400999999999999 -7.999999999999999 -0.7317224162929459
30) 8 -6.400999999999999 -8.533 -0.9465033891838338
30) 9 -6.400999999999999 -9.065999999999999 -0.9947611299367992
30) 10 -6.933999999999999 -8.533 -0.9999998922414988
30) 11 -6.400999999999999 -7.999999999999999 -0.7317224162929459
30) 12 -6.400999999999999 -8.533 -0.9465033891838338
30) 13 -6.400999999999999 -9.065999999999999 -0.9947611299367992
30) 14 -6.933999999999999 -8.533 -0.9999998922414988
30) 15 -6.400999999999999 -7.999999999999999 -0.7317224162929459
30) 16 -6.400999999999999 -8.533 -0.9465033891838338
30) 17 -6.400999999999999 -9.065999999999999 -0.9947611299367992
30) 18 -6.933999999999999 -8.533 -0.9999998922414988
30) 19 -6.400999999999999 -7.999999999999999 -0.7317224162929459
30) 20 -6.400999999999999 -8.533 -0.9465033891838338
30) 21 -6.400999999999999 -9.065999999999999 -0.9947611299367992
30) 22 -6.933999999999999 -8.533 -0.9999998922414988
30) 23 -6.400999999999999 -7.999999999999999 -0.7317224162929459
30) 24 -6.400999999999999 -8.533 -0.9465033891838338
30) 25 -6.400999999999999 -9.065999999999999 -0.9947611299367992
30) 26 -6.933999999999999 -8.533 -0.9999998922414988
30) 27 -6.400999999999999 -7.999999999999999 -0.7317224162929459
30) 28 -6.400999999999999 -8.533 -0.9465033891838338
30) 29 -6.400999999999999 -9.065999999999999 -0.9947611299367992
30) 30 -6.933999999999999 -8.533 -0.9999998922414988
30) 31 -6.400999999999999 -7.999999999999999 -0.7317224162929459
30) 32 -6.400999999999999 -8.533 -0.9465033891838338
30) 33 -6.400999999999999 -9.065999999999999 -0.9947611299367992
30) 34 -6.933999999999999 -8.533 -0.9999998922414988
30) 35 -6.400999999999999 -7.999999999999999 -0.7317224162929459
30) 36 -6.400999999999999 -8.533 -0.9465033891838338
30) 37 -6.400999999999999 -9.065999999999999 -0.9947611299367992
30) 38 -6.933999999999999 -8.533 -0.9999998922414988
30) 39 -6.400999999999999 -7.999999999999999 -0.7317224162929459
30) 40 -6.400999999999999 -8.533 -0.9465033891838338
30) 41 -6.400999999999999 -9.065999999999999 -0.9947611299367992
30) 42 -6.933999999999999 -8.533 -0.9999998922414988
30) 43 -6.400999999999999 -7.999999999999999 -0.7317224162929459
30) 44 -6.400999999999999 -8.533 -0.9465033891838338
30) 45 -6.400999999999999 -9.065999999999999 -0.9947611299367992
30) 46 -6.933999999999999 -8.533 -0.9999998922414988
30) 47 -6.400999999999999 -7.999999999999999 -0.7317224162929459
30) 48 -6.400999999999999 -8.533 -0.9465033891838338
30) 49 -6.400999999999999 -9.065999999999999 -0.9947611299367992
31) 0 3.0 -10.0 -0.8497593056327711
31) 1 3.0 -10.533 -0.9990463808354988
31) 2 3.0 -11.065999999999999 -0.8916282756393022
31) 3 3.0 -11.598999999999998 -0.5527712772234316
31) 4 3.0 -12.131999999999998 -0.06889929240394063
31) 5 3.533 -12.131999999999998 0.06953433315531378
31) 6 4.066 -12.131999999999998 0.22686182138670397
31) 7 4.599 -12.131999999999998 0.3968426377239298
31) 8 5.132000000000001 -12.131999999999998 0.5699430359883105
31) 9 5.665000000000001 -12.131999999999998 0.7332502332296709
31) 10 6.198000000000001 -12.131999999999998 0.8709643196329612
31) 11 6.731000000000002 -12.131999999999998 0.9656076117335315
31) 12 7.264000000000002 -12.131999999999998 0.999994749882592
32) 0 -2.0 -9.0 0.2037957684966491
32) 1 -1.467 -8.467 0.7390309817084504
32) 2 -0.934 -7.934 0.990927556492783
32) 3 -0.401 -7.934 0.9959396390257715
32) 4 0.132 -7.934 0.9967118725048498
33) 0 9.0 -2.0 0.2037957684966491
33) 1 8.467 -1.467 0.7390309817084504
33) 2 7.934 -0.934 0.990927556492783
33) 3 7.934 -0.401 0.9959396390257715
33) 4 7.934 0.132 0.9967118725048498
34) 0 9.0 -10.0 0.7753400962492819
34) 1 9.533 -10.0 0.9488246471225068
35) 0 -5.0 -2.0 -0.7820948988254615
35) 1 -4.467 -2.0 -0.98350131047154
35) 2 -3.9339999999999997 -2.533 -0.9994405116259522
35) 3 -3.401 -2.0 -0.7200579990970638
35) 4 -3.401 -2.533 -0.8907674622014399
35) 5 -3.401 -3.066 -0.9911156529544342
35) 6 -2.868 -3.5989999999999998 -0.9939111784692833
35) 7 -2.335 -4.132 -0.999431184605524
35) 8 -2.868 -4.665 -0.7222758270284638
35) 9 -2.335 -4.665 -0.8754848547634988
35) 10 -1.802 -4.665 -0.9586564086522076
35) 11 -1.2690000000000001 -4.665 -0.99255124283602
35) 12 -0.7360000000000001 -4.665 -0.999946813838836
35) 13 -1.2690000000000001 -5.198 -0.8031269549165169
35) 14 -0.7360000000000001 -5.198 -0.8590125166589838
35) 15 -0.20300000000000007 -5.198 -0.882533529555002
35) 16 0.32999999999999996 -4.665 -0.9993616971491253
35) 17 0.863 -4.665 -0.9994955448142587
35) 18 1.396 -5.198 -0.7839422842977032
35) 19 1.9289999999999998 -4.665 -0.9441778631128209
35) 20 2.4619999999999997 -4.132 -0.9952522986364901
35) 21 2.9949999999999997 -3.5989999999999998 -0.9995437965008416
35) 22 2.4619999999999997 -3.066 -0.7107451236999839
35) 23 2.4619999999999997 -3.5989999999999998 -0.9387345634003964
35) 24 2.4619999999999997 -4.132 -0.9952522986364901
35) 25 2.9949999999999997 -3.5989999999999998 -0.9995437965008416
35) 26 2.4619999999999997 -3.066 -0.7107451236999839
35) 27 2.4619999999999997 -3.5989999999999998 -0.9387345634003964
35) 28 2.4619999999999997 -4.132 -0.9952522986364901
35) 29 2.9949999999999997 -3.5989999999999998 -0.9995437965008416
35) 30 2.4619999999999997 -3.066 -0.7107451236999839
35) 31 2.4619999999999997 -3.5989999999999998 -0.9387345634003964
35) 32 2.4619999999999997 -4.132 -0.9952522986364901
35) 33 2.9949999999999997 -3.5989999999999998 -0.9995437965008416
35) 34 2.4619999999999997 -3.066 -0.7107451236999839
35) 35 2.4619999999999997 -3.5989999999999998 -0.9387345634003964
35) 36 2.4619999999999997 -4.132 -0.9952522986364901
35) 37 2.9949999999999997 -3.5989999999999998 -0.9995437965008416
35) 38 2.4619999999999997 -3.066 -0.7107451236999839
35) 39 2.4619999999999997 -3.5989999999999998 -0.9387345634003964
35) 40 2.4619999999999997 -4.132 -0.9952522986364901
35) 41 2.9949999999999997 -3.5989999999999998 -0.9995437965008416
35) 42 2.4619999999999997 -3.066 -0.7107451236999839
35) 43 2.4619999999999997 -3.5989999999999998 -0.9387345634003964
35) 44 2.4619999999999997 -4.132 -0.9952522986364901
35) 45 2.9949999999999997 -3.5989999999999998 -0.9995437965008416
35) 46 2.4619999999999997 -3.066 -0.7107451236999839
35) 47 2.4619999999999997 -3.5989999999999998 -0.9387345634003964
35) 48 2.4619999999999997 -4.132 -0.9952522986364901
35) 49 2.9949999999999997 -3.5989999999999998 -0.9995437965008416
36) 0 7.0 7.0 -0.4570867375418006
36) 1 6.467 6.467 0.2754510317693252
36) 2 5.933999999999999 5.933999999999999 0.8587548903893489
36) 3 5.933999999999999 5.400999999999999 0.9855966168471806
37) 0 3.0 7.0 0.9717622535057333
37) 1 3.533 7.0 0.9999164072910056
38) 0 -1.0 6.0 -0.19908366251892284
38) 1 -1.533 6.533 0.4143855764424443
38) 2 -2.066 7.066000000000001 0.881323691791668
38) 3 -2.066 7.599000000000001 0.9997824033365729
39) 0 -8.0 4.0 0.4622279808582701
39) 1 -7.467 3.467 0.9291655560532518
39) 2 -6.933999999999999 3.467 0.9948498546387456
40) 0 1.0 9.0 0.36104927727853203
40) 1 0.46699999999999997 8.467 0.8104436137308336
40) 2 -0.06600000000000006 7.934 0.9967782584541707
41) 0 8.0 9.0 -0.5010191903189258
41) 1 8.533 9.533 0.22581116235970425
41) 2 9.065999999999999 9.533 0.5557405442459424
41) 3 9.598999999999998 9.533 0.8203808988954965
42) 0 -1.0 -8.0 0.9783888223346213
42) 1 -0.46699999999999997 -8.0 0.9872849973895048
42) 2 0.06600000000000006 -8.0 0.9893185982492736
43) 0 8.0 -3.0 0.7712319401165738
43) 1 7.467 -2.467 0.9999500189418271
44) 0 8.0 -7.0 -0.9339707316330099
44) 1 8.0 -7.533 -0.9999746403904668
44) 2 7.467 -8.066 -0.9999923134254919
44) 3 6.933999999999999 -7.533 -0.726833826153464
44) 4 6.933999999999999 -8.066 -0.9363146655573147
44) 5 6.933999999999999 -8.599 -0.9987081822579376
44) 6 7.467 -8.066 -0.9999923134254919
44) 7 6.933999999999999 -7.533 -0.726833826153464
44) 8 6.933999999999999 -8.066 -0.9363146655573147
44) 9 6.933999999999999 -8.599 -0.9987081822579376
44) 10 7.467 -8.066 -0.9999923134254919
44) 11 6.933999999999999 -7.533 -0.726833826153464
44) 12 6.933999999999999 -8.066 -0.9363146655573147
44) 13 6.933999999999999 -8.599 -0.9987081822579376
44) 14 7.467 -8.066 -0.9999923134254919
44) 15 6.933999999999999 -7.533 -0.726833826153464
44) 16 6.933999999999999 -8.066 -0.9363146655573147
44) 17 6.933999999999999 -8.599 -0.9987081822579376
44) 18 7.467 -8.066 -0.9999923134254919
44) 19 6.933999999999999 -7.533 -0.726833826153464
44) 20 6.933999999999999 -8.066 -0.9363146655573147
44) 21 6.933999999999999 -8.599 -0.9987081822579376
44) 22 7.467 -8.066 -0.9999923134254919
44) 23 6.933999999999999 -7.533 -0.726833826153464
44) 24 6.933999999999999 -8.066 -0.9363146655573147
44) 25 6.933999999999999 -8.599 -0.9987081822579376
44) 26 7.467 -8.066 -0.9999923134254919
44) 27 6.933999999999999 -7.533 -0.726833826153464
44) 28 6.933999999999999 -8.066 -0.9363146655573147
44) 29 6.933999999999999 -8.599 -0.9987081822579376
44) 30 7.467 -8.066 -0.9999923134254919
44) 31 6.933999999999999 -7.533 -0.726833826153464
44) 32 6.933999999999999 -8.066 -0.9363146655573147
44) 33 6.933999999999999 -8.599 -0.9987081822579376
44) 34 7.467 -8.066 -0.9999923134254919
44) 35 6.933999999999999 -7.533 -0.726833826153464
44) 36 6.933999999999999 -8.066 -0.9363146655573147
44) 37 6.933999999999999 -8.599 -0.9987081822579376
44) 38 7.467 -8.066 -0.9999923134254919
44) 39 6.933999999999999 -7.533 -0.726833826153464
44) 40 6.933999999999999 -8.066 -0.9363146655573147
44) 41 6.933999999999999 -8.599 -0.9987081822579376
44) 42 7.467 -8.066 -0.9999923134254919
44) 43 6.933999999999999 -7.533 -0.726833826153464
44) 44 6.933999999999999 -8.066 -0.9363146655573147
44) 45 6.933999999999999 -8.599 -0.9987081822579376
44) 46 7.467 -8.066 -0.9999923134254919
44) 47 6.933999999999999 -7.533 -0.726833826153464
44) 48 6.933999999999999 -8.066 -0.9363146655573147
44) 49 6.933999999999999 -8.599 -0.9987081822579376
45) 0 2.0 -10.0 -0.6984726873116567
45) 1 2.0 -10.533 -0.9625944085112379
45) 2 2.0 -11.065999999999999 -0.9689848171389286
45) 3 2.0 -11.598999999999998 -0.7147068579782366
45) 4 2.0 -12.131999999999998 -0.26733124190615104
45) 5 2.0 -12.664999999999997 0.25279934590635916
45) 6 2.533 -12.664999999999997 0.34237716721736117
45) 7 3.066 -12.664999999999997 0.44794125598575846
45) 8 3.5989999999999998 -12.664999999999997 0.5646960943497213
45) 9 4.132 -12.664999999999997 0.6857459404452285
45) 10 4.665 -12.664999999999997 0.8018951555599867
45) 11 5.198 -12.664999999999997 0.9017599133706834
45) 12 5.731000000000001 -12.664999999999997 0.972315849108491
45) 13 6.264000000000001 -12.664999999999997 0.9999698310434041
46) 0 -5.0 -2.0 -0.7820948988254615
46) 1 -4.467 -2.0 -0.98350131047154
46) 2 -3.9339999999999997 -2.533 -0.9994405116259522
46) 3 -3.401 -2.0 -0.7200579990970638
46) 4 -3.401 -2.533 -0.8907674622014399
46) 5 -3.401 -3.066 -0.9911156529544342
46) 6 -2.868 -3.5989999999999998 -0.9939111784692833
46) 7 -2.335 -4.132 -0.999431184605524
46) 8 -2.868 -4.665 -0.7222758270284638
46) 9 -2.335 -4.665 -0.8754848547634988
46) 10 -1.802 -4.665 -0.9586564086522076
46) 11 -1.2690000000000001 -4.665 -0.99255124283602
46) 12 -0.7360000000000001 -4.665 -0.999946813838836
46) 13 -1.2690000000000001 -5.198 -0.8031269549165169
46) 14 -0.7360000000000001 -5.198 -0.8590125166589838
46) 15 -0.20300000000000007 -5.198 -0.882533529555002
46) 16 0.32999999999999996 -4.665 -0.9993616971491253
46) 17 0.863 -4.665 -0.9994955448142587
46) 18 1.396 -5.198 -0.7839422842977032
46) 19 1.9289999999999998 -4.665 -0.9441778631128209
46) 20 2.4619999999999997 -4.132 -0.9952522986364901
46) 21 2.9949999999999997 -3.5989999999999998 -0.9995437965008416
46) 22 2.4619999999999997 -3.066 -0.7107451236999839
46) 23 2.4619999999999997 -3.5989999999999998 -0.9387345634003964
46) 24 2.4619999999999997 -4.132 -0.9952522986364901
46) 25 2.9949999999999997 -3.5989999999999998 -0.9995437965008416
46) 26 2.4619999999999997 -3.066 -0.7107451236999839
46) 27 2.4619999999999997 -3.5989999999999998 -0.9387345634003964
46) 28 2.4619999999999997 -4.132 -0.9952522986364901
46) 29 2.9949999999999997 -3.5989999999999998 -0.9995437965008416
46) 30 2.4619999999999997 -3.066 -0.7107451236999839
46) 31 2.4619999999999997 -3.5989999999999998 -0.9387345634003964
46) 32 2.4619999999999997 -4.132 -0.9952522986364901
46) 33 2.9949999999999997 -3.5989999999999998 -0.9995437965008416
46) 34 2.4619999999999997 -3.066 -0.7107451236999839
46) 35 2.4619999999999997 -3.5989999999999998 -0.9387345634003964
46) 36 2.4619999999999997 -4.132 -0.9952522986364901
46) 37 2.9949999999999997 -3.5989999999999998 -0.9995437965008416
46) 38 2.4619999999999997 -3.066 -0.7107451236999839
46) 39 2.4619999999999997 -3.5989999999999998 -0.9387345634003964
46) 40 2.4619999999999997 -4.132 -0.9952522986364901
46) 41 2.9949999999999997 -3.5989999999999998 -0.9995437965008416
46) 42 2.4619999999999997 -3.066 -0.7107451236999839
46) 43 2.4619999999999997 -3.5989999999999998 -0.9387345634003964
46) 44 2.4619999999999997 -4.132 -0.9952522986364901
46) 45 2.9949999999999997 -3.5989999999999998 -0.9995437965008416
46) 46 2.4619999999999997 -3.066 -0.7107451236999839
46) 47 2.4619999999999997 -3.5989999999999998 -0.9387345634003964
46) 48 2.4619999999999997 -4.132 -0.9952522986364901
46) 49 2.9949999999999997 -3.5989999999999998 -0.9995437965008416
47) 0 8.0 3.0 0.7712319401165738
47) 1 7.467 2.467 0.9999500189418271
48) 0 5.0 -7.0 0.7328169085463447
48) 1 4.467 -6.467 0.9999831761114545
49) 0 7.0 -5.0 0.7328169085463447
49) 1 6.467 -4.467 0.9999831761114545
50) 0 -6.0 -1.0 -0.19908366251892284
50) 1 -6.533 -1.533 0.4143855764424443
50) 2 -7.066000000000001 -2.066 0.881323691791668
50) 3 -7.599000000000001 -2.066 0.9997824033365729
51) 0 2.0 -2.0 0.30807174236304485
51) 1 1.467 -1.467 0.8757278750038736
51) 2 0.934 -1.467 0.9858714839715899
51) 3 0.401 -1.467 0.9987513862512833
52) 0 -3.0 -8.0 0.7712319401165738
52) 1 -2.467 -7.467 0.9999500189418271
53) 0 4.0 5.0 0.11965157649377203
53) 1 4.533 5.533 0.7640637455186531
53) 2 5.066000000000001 6.066000000000001 0.9987885794360758
53) 3 5.599000000000001 5.533 0.9998439002139333
54) 0 9.0 1.0 0.36104927727853203
54) 1 8.467 0.46699999999999997 0.8104436137308336
54) 2 7.934 -0.06600000000000006 0.9967782584541707
55) 0 1.0 -7.0 0.7088612918380416
55) 1 1.533 -7.533 0.9861579734693949
55) 2 2.066 -7.533 0.9990839088745622
56) 0 -9.0 -9.0 0.16084964506716973
56) 1 -9.533 -9.533 0.7927621140898147
57) 0 -3.0 5.0 -0.43697551727207756
57) 1 -3.533 5.533 0.2778762919512303
57) 2 -4.066 6.066000000000001 0.8518282754946623
57) 3 -4.066 6.599000000000001 0.9947097392285068
58) 0 -4.0 -7.0 0.9783888223346213
58) 1 -3.467 -7.0 0.9990993038897558
59) 0 -9.0 1.0 0.36104927727853203
59) 1 -8.467 0.46699999999999997 0.8104436137308336
59) 2 -7.934 -0.06600000000000006 0.9967782584541707
60) 0 0.0 -4.0 -0.7568024953079282
60) 1 0.0 -4.533 -0.9839528997058571
60) 2 0.533 -4.533 -0.9890442377851687
60) 3 1.066 -4.533 -0.9984473188059153
60) 4 0.533 -4.0 -0.7794342324392943
60) 5 0.533 -4.533 -0.9890442377851687
60) 6 1.066 -4.533 -0.9984473188059153
60) 7 0.533 -4.0 -0.7794342324392943
60) 8 0.533 -4.533 -0.9890442377851687
60) 9 1.066 -4.533 -0.9984473188059153
60) 10 0.533 -4.0 -0.7794342324392943
60) 11 0.533 -4.533 -0.9890442377851687
60) 12 1.066 -4.533 -0.9984473188059153
60) 13 0.533 -4.0 -0.7794342324392943
60) 14 0.533 -4.533 -0.9890442377851687
60) 15 1.066 -4.533 -0.9984473188059153
60) 16 0.533 -4.0 -0.7794342324392943
60) 17 0.533 -4.533 -0.9890442377851687
60) 18 1.066 -4.533 -0.9984473188059153
60) 19 0.533 -4.0 -0.7794342324392943
60) 20 0.533 -4.533 -0.9890442377851687
60) 21 1.066 -4.533 -0.9984473188059153
60) 22 0.533 -4.0 -0.7794342324392943
60) 23 0.533 -4.533 -0.9890442377851687
60) 24 1.066 -4.533 -0.9984473188059153
60) 25 0.533 -4.0 -0.7794342324392943
60) 26 0.533 -4.533 -0.9890442377851687
60) 27 1.066 -4.533 -0.9984473188059153
60) 28 0.533 -4.0 -0.7794342324392943
60) 29 0.533 -4.533 -0.9890442377851687
60) 30 1.066 -4.533 -0.9984473188059153
60) 31 0.533 -4.0 -0.7794342324392943
60) 32 0.533 -4.533 -0.9890442377851687
60) 33 1.066 -4.533 -0.9984473188059153
60) 34 0.533 -4.0 -0.7794342324392943
60) 35 0.533 -4.533 -0.9890442377851687
60) 36 1.066 -4.533 -0.9984473188059153
60) 37 0.533 -4.0 -0.7794342324392943
60) 38 0.533 -4.533 -0.9890442377851687
60) 39 1.066 -4.533 -0.9984473188059153
60) 40 0.533 -4.0 -0.7794342324392943
60) 41 0.533 -4.533 -0.9890442377851687
60) 42 1.066 -4.533 -0.9984473188059153
60) 43 0.533 -4.0 -0.7794342324392943
60) 44 0.533 -4.533 -0.9890442377851687
60) 45 1.066 -4.533 -0.9984473188059153
60) 46 0.533 -4.0 -0.7794342324392943
60) 47 0.533 -4.533 -0.9890442377851687
60) 48 1.066 -4.533 -0.9984473188059153
60) 49 0.533 -4.0 -0.7794342324392943
61) 0 -2.0 8.0 0.9240590869570797
61) 1 -2.533 7.467 0.9995210258979182
62) 0 -2.0 5.0 -0.7820948988254615
62) 1 -2.0 4.467 -0.98350131047154
62) 2 -1.467 4.467 -0.9999430949574776
62) 3 -2.0 5.0 -0.7820948988254615
62) 4 -2.0 4.467 -0.98350131047154
62) 5 -1.467 4.467 -0.9999430949574776
62) 6 -2.0 5.0 -0.7820948988254615
62) 7 -2.0 4.467 -0.98350131047154
62) 8 -1.467 4.467 -0.9999430949574776
62) 9 -2.0 5.0 -0.7820948988254615
62) 10 -2.0 4.467 -0.98350131047154
62) 11 -1.467 4.467 -0.9999430949574776
62) 12 -2.0 5.0 -0.7820948988254615
62) 13 -2.0 4.467 -0.98350131047154
62) 14 -1.467 4.467 -0.9999430949574776
62) 15 -2.0 5.0 -0.7820948988254615
62) 16 -2.0 4.467 -0.98350131047154
62) 17 -1.467 4.467 -0.9999430949574776
62) 18 -2.0 5.0 -0.7820948988254615
62) 19 -2.0 4.467 -0.98350131047154
62) 20 -1.467 4.467 -0.9999430949574776
62) 21 -2.0 5.0 -0.7820948988254615
62) 22 -2.0 4.467 -0.98350131047154
62) 23 -1.467 4.467 -0.9999430949574776
62) 24 -2.0 5.0 -0.7820948988254615
62) 25 -2.0 4.467 -0.98350131047154
62) 26 -1.467 4.467 -0.9999430949574776
62) 27 -2.0 5.0 -0.7820948988254615
62) 28 -2.0 4.467 -0.98350131047154
62) 29 -1.467 4.467 -0.9999430949574776
62) 30 -2.0 5.0 -0.7820948988254615
62) 31 -2.0 4.467 -0.98350131047154
62) 32 -1.467 4.467 -0.9999430949574776
62) 33 -2.0 5.0 -0.7820948988254615
62) 34 -2.0 4.467 -0.98350131047154
62) 35 -1.467 4.467 -0.9999430949574776
62) 36 -2.0 5.0 -0.7820948988254615
62) 37 -2.0 4.467 -0.98350131047154
62) 38 -1.467 4.467 -0.9999430949574776
62) 39 -2.0 5.0 -0.7820948988254615
62) 40 -2.0 4.467 -0.98350131047154
62) 41 -1.467 4.467 -0.9999430949574776
62) 42 -2.0 5.0 -0.7820948988254615
62) 43 -2.0 4.467 -0.98350131047154
62) 44 -1.467 4.467 -0.9999430949574776
62) 45 -2.0 5.0 -0.7820948988254615
62) 46 -2.0 4.467 -0.98350131047154
62) 47 -1.467 4.467 -0.9999430949574776
62) 48 -2.0 5.0 -0.7820948988254615
62) 49 -2.0 4.467 -0.98350131047154
63) 0 0.0 3.0 0.1411200080598672
63) 1 0.0 2.467 0.6245792467175791
63) 2 0.0 1.9340000000000002 0.9347634512917475
63) 3 0.533 1.4010000000000002 0.9974210939971624
64) 0 5.0 2.0 -0.7820948988254615
64) 1 5.0 1.467 -0.8783591969924625
64) 2 5.0 0.934 -0.9308373984984648
64) 3 5.0 0.401 -0.954246890548185
64) 4 5.0 -0.132 -0.9584286528903964
64) 5 4.467 -0.132 -0.9705147482604478
64) 6 4.467 -0.665 -0.9808220202015859
64) 7 4.467 -1.198 -0.9961714339598187
64) 8 4.467 -1.7309999999999999 -0.9969381688439023
64) 9 5.0 -2.264 -0.7135114841617762
64) 10 4.467 -2.264 -0.9566324305908827
64) 11 3.9339999999999997 -2.264 -0.984996838130971
64) 12 3.9339999999999997 -2.7969999999999997 -0.9934436545873143
64) 13 3.401 -3.3299999999999996 -0.9988762834263838
64) 14 3.9339999999999997 -3.8629999999999995 -0.6958804484257212
64) 15 3.401 -3.8629999999999995 -0.907117279517596
64) 16 2.868 -3.8629999999999995 -0.9951165466721139
64) 17 3.401 -3.3299999999999996 -0.9988762834263838
64) 18 3.9339999999999997 -3.8629999999999995 -0.6958804484257212
64) 19 3.401 -3.8629999999999995 -0.907117279517596
64) 20 2.868 -3.8629999999999995 -0.9951165466721139
64) 21 3.401 -3.3299999999999996 -0.9988762834263838
64) 22 3.9339999999999997 -3.8629999999999995 -0.6958804484257212
64) 23 3.401 -3.8629999999999995 -0.907117279517596
64) 24 2.868 -3.8629999999999995 -0.9951165466721139
64) 25 3.401 -3.3299999999999996 -0.9988762834263838
64) 26 3.9339999999999997 -3.8629999999999995 -0.6958804484257212
64) 27 3.401 -3.8629999999999995 -0.907117279517596
64) 28 2.868 -3.8629999999999995 -0.9951165466721139
64) 29 3.401 -3.3299999999999996 -0.9988762834263838
64) 30 3.9339999999999997 -3.8629999999999995 -0.6958804484257212
64) 31 3.401 -3.8629999999999995 -0.907117279517596
64) 32 2.868 -3.8629999999999995 -0.9951165466721139
64) 33 3.401 -3.3299999999999996 -0.9988762834263838
64) 34 3.9339999999999997 -3.8629999999999995 -0.6958804484257212
64) 35 3.401 -3.8629999999999995 -0.907117279517596
64) 36 2.868 -3.8629999999999995 -0.9951165466721139
64) 37 3.401 -3.3299999999999996 -0.9988762834263838
64) 38 3.9339999999999997 -3.8629999999999995 -0.6958804484257212
64) 39 3.401 -3.8629999999999995 -0.907117279517596
64) 40 2.868 -3.8629999999999995 -0.9951165466721139
64) 41 3.401 -3.3299999999999996 -0.9988762834263838
64) 42 3.9339999999999997 -3.8629999999999995 -0.6958804484257212
64) 43 3.401 -3.8629999999999995 -0.907117279517596
64) 44 2.868 -3.8629999999999995 -0.9951165466721139
64) 45 3.401 -3.3299999999999996 -0.9988762834263838
64) 46 3.9339999999999997 -3.8629999999999995 -0.6958804484257212
64) 47 3.401 -3.8629999999999995 -0.907117279517596
64) 48 2.868 -3.8629999999999995 -0.9951165466721139
64) 49 3.401 -3.3299999999999996 -0.9988762834263838
65) 0 -5.0 -1.0 -0.9261848392897116
65) 1 -4.467 -1.0 -0.9909248253697196
65) 2 -4.467 -1.533 -0.9999465328479222
65) 3 -5.0 -2.066 -0.7663638276501206
65) 4 -4.467 -2.066 -0.9781887836586364
65) 5 -3.9339999999999997 -2.5989999999999998 -0.9999966100923515
65) 6 -4.467 -3.1319999999999997 -0.7363032228724423
65) 7 -3.9339999999999997 -3.1319999999999997 -0.9504525768710043
65) 8 -3.401 -3.1319999999999997 -0.9960469118439551
65) 9 -2.868 -3.6649999999999996 -0.9982828639006204
65) 10 -2.335 -3.1319999999999997 -0.692553879628944
65) 11 -2.335 -3.6649999999999996 -0.9334923826264643
65) 12 -2.335 -4.1979999999999995 -0.9958350381554537
65) 13 -2.868 -3.6649999999999996 -0.9982828639006204
65) 14 -2.335 -3.1319999999999997 -0.692553879628944
65) 15 -2.335 -3.6649999999999996 -0.9334923826264643
65) 16 -2.335 -4.1979999999999995 -0.9958350381554537
65) 17 -2.868 -3.6649999999999996 -0.9982828639006204
65) 18 -2.335 -3.1319999999999997 -0.692553879628944
65) 19 -2.335 -3.6649999999999996 -0.9334923826264643
65) 20 -2.335 -4.1979999999999995 -0.9958350381554537
65) 21 -2.868 -3.6649999999999996 -0.9982828639006204
65) 22 -2.335 -3.1319999999999997 -0.692553879628944
65) 23 -2.335 -3.6649999999999996 -0.9334923826264643
65) 24 -2.335 -4.1979999999999995 -0.9958350381554537
65) 25 -2.868 -3.6649999999999996 -0.9982828639006204
65) 26 -2.335 -3.1319999999999997 -0.692553879628944
65) 27 -2.335 -3.6649999999999996 -0.9334923826264643
65) 28 -2.335 -4.1979999999999995 -0.9958350381554537
65) 29 -2.868 -3.6649999999999996 -0.9982828639006204
65) 30 -2.335 -3.1319999999999997 -0.692553879628944
65) 31 -2.335 -3.6649999999999996 -0.9334923826264643
65) 32 -2.335 -4.1979999999999995 -0.9958350381554537
65) 33 -2.868 -3.6649999999999996 -0.9982828639006204
65) 34 -2.335 -3.1319999999999997 -0.692553879628944
65) 35 -2.335 -3.6649999999999996 -0.9334923826264643
65) 36 -2.335 -4.1979999999999995 -0.9958350381554537
65) 37 -2.868 -3.6649999999999996 -0.9982828639006204
65) 38 -2.335 -3.1319999999999997 -0.692553879628944
65) 39 -2.335 -3.6649999999999996 -0.9334923826264643
65) 40 -2.335 -4.1979999999999995 -0.9958350381554537
65) 41 -2.868 -3.6649999999999996 -0.9982828639006204
65) 42 -2.335 -3.1319999999999997 -0.692553879628944
65) 43 -2.335 -3.6649999999999996 -0.9334923826264643
65) 44 -2.335 -4.1979999999999995 -0.9958350381554537
65) 45 -2.868 -3.6649999999999996 -0.9982828639006204
65) 46 -2.335 -3.1319999999999997 -0.692553879628944
65) 47 -2.335 -3.6649999999999996 -0.9334923826264643
65) 48 -2.335 -4.1979999999999995 -0.9958350381554537
65) 49 -2.868 -3.6649999999999996 -0.9982828639006204
66) 0 -6.0 7.0 0.2037957684966491
66) 1 -5.467 6.467 0.8172321044646019
66) 2 -4.933999999999999 5.933999999999999 0.9906735342344033
66) 3 -4.400999999999999 6.467 0.9995032536654729
67) 0 -8.0 -2.0 0.9240590869570797
67) 1 -7.467 -2.533 0.9995210258979182
68) 0 7.0 -10.0 -0.35210108504889737
68) 1 7.0 -10.533 0.0804427452907065
68) 2 7.533 -10.533 0.37384727918221405
68) 3 8.066 -10.533 0.6444441083072235
68) 4 8.599 -10.533 0.857783183789748
68) 5 9.132 -10.533 0.9807231182932351
68) 6 9.665 -10.533 0.9875190789962088
69) 0 8.0 -4.0 0.4622279808582701
69) 1 7.467 -3.467 0.9291655560532518
69) 2 6.933999999999999 -3.467 0.9948498546387456
70) 0 -7.0 8.0 -0.9339707316330099
70) 1 -6.467 8.533 -0.958575186659205
70) 2 -5.933999999999999 9.065999999999999 -0.9871908067455245
70) 3 -5.400999999999999 9.598999999999998 -0.9998273905835072
70) 4 -4.8679999999999986 10.131999999999998 -0.9700905066331331
70) 5 -4.8679999999999986 9.598999999999998 -0.9730340438261456
70) 6 -4.334999999999998 10.131999999999998 -0.9996913701548794
70) 7 -3.8019999999999983 10.664999999999997 -0.9470564378335112
70) 8 -3.8019999999999983 10.131999999999998 -0.9849493714270392
70) 9 -3.2689999999999984 10.664999999999997 -0.9873572884028631
70) 10 -3.2689999999999984 10.131999999999998 -0.9396226174766037
70) 11 -2.7359999999999984 10.664999999999997 -0.9998907647255512
70) 12 -2.7359999999999984 10.131999999999998 -0.8772635280648886
70) 13 -2.2029999999999985 10.664999999999997 -0.9944483284468421
70) 14 -2.2029999999999985 10.131999999999998 -0.8098846669242126
70) 15 -1.6699999999999986 10.664999999999997 -0.9799440168538623
70) 16 -1.6699999999999986 10.131999999999998 -0.7472592237940908
70) 17 -1.1369999999999987 10.664999999999997 -0.9637342081491925
70) 18 -1.1369999999999987 10.131999999999998 -0.6967228196192543
70) 19 -0.6039999999999986 10.664999999999997 -0.9512647959824232
70) 20 -0.6039999999999986 10.131999999999998 -0.6632920376845363
70) 21 -0.07099999999999862 10.664999999999997 -0.9459327770955487
71) 0 8.0 4.0 0.4622279808582701
71) 1 7.467 3.467 0.9291655560532518
71) 2 6.933999999999999 3.467 0.9948498546387456
72) 0 2.0 4.0 -0.9712777989606532
72) 1 2.533 4.0 -0.9997541613509473
72) 2 3.066 4.533 -0.7247476403345408
72) 3 3.066 4.0 -0.9468534808567651
72) 4 3.066 3.467 -0.9964601057913667
72) 5 3.5989999999999998 2.934 -0.9976211553092211
72) 6 4.132 2.4010000000000002 -0.99778659398392
72) 7 4.665 2.934 -0.697737527745142
72) 8 4.665 2.4010000000000002 -0.8606602106142435
72) 9 4.665 1.8680000000000003 -0.9515024700146956
72) 10 4.665 1.3350000000000004 -0.9902336574250996
72) 11 4.665 0.8020000000000004 -0.9997784915718615
72) 12 5.198 1.3350000000000004 -0.7934697004765326
72) 13 5.198 0.8020000000000004 -0.8540276448158475
72) 14 5.198 0.26900000000000035 -0.8811219360708872
72) 15 5.198 -0.2639999999999997 -0.8812429726348923
72) 16 4.665 -0.2639999999999997 -0.9992031088255223
72) 17 4.665 -0.7969999999999997 -0.9997959110822751
72) 18 5.198 -1.3299999999999996 -0.7942247363720759
72) 19 4.665 -1.3299999999999996 -0.990424181160417
72) 20 4.665 -0.7969999999999996 -0.9997959110822751
72) 21 5.198 -1.3299999999999996 -0.7942247363720759
72) 22 4.665 -1.3299999999999996 -0.990424181160417
72) 23 4.665 -0.7969999999999996 -0.9997959110822751
72) 24 5.198 -1.3299999999999996 -0.7942247363720759
72) 25 4.665 -1.3299999999999996 -0.990424181160417
72) 26 4.665 -0.7969999999999996 -0.9997959110822751
72) 27 5.198 -1.3299999999999996 -0.7942247363720759
72) 28 4.665 -1.3299999999999996 -0.990424181160417
72) 29 4.665 -0.7969999999999996 -0.9997959110822751
72) 30 5.198 -1.3299999999999996 -0.7942247363720759
72) 31 4.665 -1.3299999999999996 -0.990424181160417
72) 32 4.665 -0.7969999999999996 -0.9997959110822751
72) 33 5.198 -1.3299999999999996 -0.7942247363720759
72) 34 4.665 -1.3299999999999996 -0.990424181160417
72) 35 4.665 -0.7969999999999996 -0.9997959110822751
72) 36 5.198 -1.3299999999999996 -0.7942247363720759
72) 37 4.665 -1.3299999999999996 -0.990424181160417
72) 38 4.665 -0.7969999999999996 -0.9997959110822751
72) 39 5.198 -1.3299999999999996 -0.7942247363720759
72) 40 4.665 -1.3299999999999996 -0.990424181160417
72) 41 4.665 -0.7969999999999996 -0.9997959110822751
72) 42 5.198 -1.3299999999999996 -0.7942247363720759
72) 43 4.665 -1.3299999999999996 -0.990424181160417
72) 44 4.665 -0.7969999999999996 -0.9997959110822751
72) 45 5.198 -1.3299999999999996 -0.7942247363720759
72) 46 4.665 -1.3299999999999996 -0.990424181160417
72) 47 4.665 -0.7969999999999996 -0.9997959110822751
72) 48 5.198 -1.3299999999999996 -0.7942247363720759
72) 49 4.665 -1.3299999999999996 -0.990424181160417
73) 0 -3.0 -5.0 -0.43697551727207756
73) 1 -3.533 -5.533 0.2778762919512303
73) 2 -4.066 -6.066000000000001 0.8518282754946623
73) 3 -4.066 -6.599000000000001 0.9947097392285068
74) 0 9.0 0.0 0.4121184852417566
74) 1 8.467 0.0 0.8179151630798135
74) 2 7.934 0.0 0.9968002384191949
75) 0 -6.0 -5.0 0.9990439103118804
76) 0 0.0 -2.0 0.9092974268256817
76) 1 0.533 -1.467 0.9999502973350467
77) 0 4.0 -4.0 -0.586176193003373
77) 1 4.533 -4.533 0.12710005452481773
77) 2 5.066000000000001 -5.066000000000001 0.7715160111187006
77) 3 5.599000000000001 -5.599000000000001 0.9979398812045776
78) 0 6.0 -5.0 0.9990439103118804
79) 0 -9.0 9.0 0.16084964506716973
79) 1 -9.533 9.533 0.7927621140898147
80) 0 6.0 -6.0 0.8072610908541349
80) 1 5.467 -5.467 0.9925091746789311
80) 2 6.0 -4.933999999999999 0.9963198383347106
80) 3 6.533 -4.400999999999999 0.9997325100905052
81) 0 9.0 -6.0 -0.9840363888387289
81) 1 9.0 -6.533 -0.9921250971434188
81) 2 8.467 -7.066000000000001 -0.9994718883239303
81) 3 7.934 -7.599000000000001 -0.9999545846505178
81) 4 7.401 -8.132000000000001 -0.9999999974480531
81) 5 7.934 -8.665000000000001 -0.7295945858465044
81) 6 8.467 -8.132000000000001 -0.7357104538613088
81) 7 7.934 -8.132000000000001 -0.9338858395026609
81) 8 7.401 -8.132000000000001 -0.9999999974480531
81) 9 7.934 -8.665000000000001 -0.7295945858465044
81) 10 8.467 -8.132000000000001 -0.7357104538613088
81) 11 7.934 -8.132000000000001 -0.9338858395026609
81) 12 7.401 -8.132000000000001 -0.9999999974480531
81) 13 7.934 -8.665000000000001 -0.7295945858465044
81) 14 8.467 -8.132000000000001 -0.7357104538613088
81) 15 7.934 -8.132000000000001 -0.9338858395026609
81) 16 7.401 -8.132000000000001 -0.9999999974480531
81) 17 7.934 -8.665000000000001 -0.7295945858465044
81) 18 8.467 -8.132000000000001 -0.7357104538613088
81) 19 7.934 -8.132000000000001 -0.9338858395026609
81) 20 7.401 -8.132000000000001 -0.9999999974480531
81) 21 7.934 -8.665000000000001 -0.7295945858465044
81) 22 8.467 -8.132000000000001 -0.7357104538613088
81) 23 7.934 -8.132000000000001 -0.9338858395026609
81) 24 7.401 -8.132000000000001 -0.9999999974480531
81) 25 7.934 -8.665000000000001 -0.7295945858465044
81) 26 8.467 -8.132000000000001 -0.7357104538613088
81) 27 7.934 -8.132000000000001 -0.9338858395026609
81) 28 7.401 -8.132000000000001 -0.9999999974480531
81) 29 7.934 -8.665000000000001 -0.7295945858465044
81) 30 8.467 -8.132000000000001 -0.7357104538613088
81) 31 7.934 -8.132000000000001 -0.9338858395026609
81) 32 7.401 -8.132000000000001 -0.9999999974480531
81) 33 7.934 -8.665000000000001 -0.7295945858465044
81) 34 8.467 -8.132000000000001 -0.7357104538613088
81) 35 7.934 -8.132000000000001 -0.9338858395026609
81) 36 7.401 -8.132000000000001 -0.9999999974480531
81) 37 7.934 -8.665000000000001 -0.7295945858465044
81) 38 8.467 -8.132000000000001 -0.7357104538613088
81) 39 7.934 -8.132000000000001 -0.9338858395026609
81) 40 7.401 -8.132000000000001 -0.9999999974480531
81) 41 7.934 -8.665000000000001 -0.7295945858465044
81) 42 8.467 -8.132000000000001 -0.7357104538613088
81) 43 7.934 -8.132000000000001 -0.9338858395026609
81) 44 7.401 -8.132000000000001 -0.9999999974480531
81) 45 7.934 -8.665000000000001 -0.7295945858465044
81) 46 8.467 -8.132000000000001 -0.7357104538613088
81) 47 7.934 -8.132000000000001 -0.9338858395026609
81) 48 7.401 -8.132000000000001 -0.9999999974480531
81) 49 7.934 -8.665000000000001 -0.7295945858465044
82) 0 3.0 6.0 0.4123377500596421
82) 1 3.533 6.533 0.9102714179659664
82) 2 3.533 7.066000000000001 0.998940045816394
83) 0 4.0 -5.0 0.11965157649377203
83) 1 4.533 -5.533 0.7640637455186531
83) 2 5.066000000000001 -6.066000000000001 0.9987885794360758
83) 3 5.599000000000001 -5.533 0.9998439002139333
84) 0 7.0 5.0 0.7328169085463447
84) 1 6.467 4.467 0.9999831761114545
85) 0 7.0 -8.0 -0.9339707316330099
85) 1 7.0 -8.533 -0.9991482206173417
85) 2 7.533 -7.999999999999999 -0.9999746403904668
85) 3 8.066 -7.466999999999999 -0.9999923134254919
85) 4 7.533 -6.933999999999998 -0.726833826153464
85) 5 7.533 -7.466999999999999 -0.9253381207035597
85) 6 7.533 -7.999999999999999 -0.9999746403904668
85) 7 8.066 -7.466999999999999 -0.9999923134254919
85) 8 7.533 -6.933999999999998 -0.726833826153464
85) 9 7.533 -7.466999999999999 -0.9253381207035597
85) 10 7.533 -7.999999999999999 -0.9999746403904668
85) 11 8.066 -7.466999999999999 -0.9999923134254919
85) 12 7.533 -6.933999999999998 -0.726833826153464
85) 13 7.533 -7.466999999999999 -0.9253381207035597
85) 14 7.533 -7.999999999999999 -0.9999746403904668
85) 15 8.066 -7.466999999999999 -0.9999923134254919
85) 16 7.533 -6.933999999999998 -0.726833826153464
85) 17 7.533 -7.466999999999999 -0.9253381207035597
85) 18 7.533 -7.999999999999999 -0.9999746403904668
85) 19 8.066 -7.466999999999999 -0.9999923134254919
85) 20 7.533 -6.933999999999998 -0.726833826153464
85) 21 7.533 -7.466999999999999 -0.9253381207035597
85) 22 7.533 -7.999999999999999 -0.9999746403904668
85) 23 8.066 -7.466999999999999 -0.9999923134254919
85) 24 7.533 -6.933999999999998 -0.726833826153464
85) 25 7.533 -7.466999999999999 -0.9253381207035597
85) 26 7.533 -7.999999999999999 -0.9999746403904668
85) 27 8.066 -7.466999999999999 -0.9999923134254919
85) 28 7.533 -6.933999999999998 -0.726833826153464
85) 29 7.533 -7.466999999999999 -0.9253381207035597
85) 30 7.533 -7.999999999999999 -0.9999746403904668
85) 31 8.066 -7.466999999999999 -0.9999923134254919
85) 32 7.533 -6.933999999999998 -0.726833826153464
85) 33 7.533 -7.466999999999999 -0.9253381207035597
85) 34 7.533 -7.999999999999999 -0.9999746403904668
85) 35 8.066 -7.466999999999999 -0.9999923134254919
85) 36 7.533 -6.933999999999998 -0.726833826153464
85) 37 7.533 -7.466999999999999 -0.9253381207035597
85) 38 7.533 -7.999999999999999 -0.9999746403904668
85) 39 8.066 -7.466999999999999 -0.9999923134254919
85) 40 7.533 -6.933999999999998 -0.726833826153464
85) 41 7.533 -7.466999999999999 -0.9253381207035597
85) 42 7.533 -7.999999999999999 -0.9999746403904668
85) 43 8.066 -7.466999999999999 -0.9999923134254919
85) 44 7.533 -6.933999999999998 -0.726833826153464
85) 45 7.533 -7.466999999999999 -0.9253381207035597
85) 46 7.533 -7.999999999999999 -0.9999746403904668
85) 47 8.066 -7.466999999999999 -0.9999923134254919
85) 48 7.533 -6.933999999999998 -0.726833826153464
85) 49 7.533 -7.466999999999999 -0.9253381207035597
86) 0 8.0 4.0 0.4622279808582701
86) 1 7.467 3.467 0.9291655560532518
86) 2 6.933999999999999 3.467 0.9948498546387456
87) 0 0.0 -6.0 -0.27941549819892586
87) 1 0.533 -6.533 0.2681972602361526
87) 2 1.066 -7.066000000000001 0.7596484861005551
87) 3 1.5990000000000002 -7.599000000000001 0.9960801507373361
87) 4 2.132 -7.599000000000001 0.9992615036145671
88) 0 -8.0 9.0 -0.5010191903189258
88) 1 -8.533 9.533 0.22581116235970425
88) 2 -9.065999999999999 9.533 0.5557405442459424
88) 3 -9.598999999999998 9.533 0.8203808988954965
89) 0 -7.0 7.0 -0.4570867375418006
89) 1 -6.467 6.467 0.2754510317693252
89) 2 -5.933999999999999 5.933999999999999 0.8587548903893489
89) 3 -5.933999999999999 5.400999999999999 0.9855966168471806
90) 0 -7.0 -1.0 0.7088612918380416
90) 1 -7.533 -1.533 0.9861579734693949
90) 2 -7.533 -2.066 0.9990839088745622
91) 0 4.0 -4.0 -0.586176193003373
91) 1 4.533 -4.533 0.12710005452481773
91) 2 5.066000000000001 -5.066000000000001 0.7715160111187006
91) 3 5.599000000000001 -5.599000000000001 0.9979398812045776
92) 0 7.0 3.0 0.9717622535057333
92) 1 7.0 3.533 0.9999164072910056
93) 0 3.0 -3.0 -0.8916822544789358
93) 1 3.0 -3.533 -0.9969974852450499
93) 2 2.467 -4.066 -0.9990541841616142
93) 3 3.0 -4.599 -0.7119075988619885
93) 4 3.533 -4.066 -0.7812585281892918
93) 5 3.0 -4.066 -0.9425656958486573
93) 6 3.533 -3.533 -0.9599346144905224
93) 7 3.0 -3.533 -0.9969974852450499
93) 8 2.467 -4.066 -0.9990541841616142
93) 9 3.0 -4.599 -0.7119075988619885
93) 10 3.533 -4.066 -0.7812585281892918
93) 11 3.0 -4.066 -0.9425656958486573
93) 12 3.533 -3.533 -0.9599346144905224
93) 13 3.0 -3.533 -0.9969974852450499
93) 14 2.467 -4.066 -0.9990541841616142
93) 15 3.0 -4.599 -0.7119075988619885
93) 16 3.533 -4.066 -0.7812585281892918
93) 17 3.0 -4.066 -0.9425656958486573
93) 18 3.533 -3.533 -0.9599346144905224
93) 19 3.0 -3.533 -0.9969974852450499
93) 20 2.467 -4.066 -0.9990541841616142
93) 21 3.0 -4.599 -0.7119075988619885
93) 22 3.533 -4.066 -0.7812585281892918
93) 23 3.0 -4.066 -0.9425656958486573
93) 24 3.533 -3.533 -0.9599346144905224
93) 25 3.0 -3.533 -0.9969974852450499
93) 26 2.467 -4.066 -0.9990541841616142
93) 27 3.0 -4.599 -0.7119075988619885
93) 28 3.533 -4.066 -0.7812585281892918
93) 29 3.0 -4.066 -0.9425656958486573
93) 30 3.533 -3.533 -0.9599346144905224
93) 31 3.0 -3.533 -0.9969974852450499
93) 32 2.467 -4.066 -0.9990541841616142
93) 33 3.0 -4.599 -0.7119075988619885
93) 34 3.533 -4.066 -0.7812585281892918
93) 35 3.0 -4.066 -0.9425656958486573
93) 36 3.533 -3.533 -0.9599346144905224
93) 37 3.0 -3.533 -0.9969974852450499
93) 38 2.467 -4.066 -0.9990541841616142
93) 39 3.0 -4.599 -0.7119075988619885
93) 40 3.533 -4.066 -0.7812585281892918
93) 41 3.0 -4.066 -0.9425656958486573
93) 42 3.533 -3.533 -0.9599346144905224
93) 43 3.0 -3.533 -0.9969974852450499
93) 44 2.467 -4.066 -0.9990541841616142
93) 45 3.0 -4.599 -0.7119075988619885
93) 46 3.533 -4.066 -0.7812585281892918
93) 47 3.0 -4.066 -0.9425656958486573
93) 48 3.533 -3.533 -0.9599346144905224
93) 49 3.0 -3.533 -0.9969974852450499
94) 0 2.0 -6.0 0.04135821352247398
94) 1 2.533 -6.533 0.6621477318998719
94) 2 3.066 -7.066000000000001 0.988550595486673
94) 3 3.5989999999999998 -7.066000000000001 0.9971298909298211
95) 0 6.0 -4.0 0.8003730606575937
95) 1 6.533 -4.533 0.9952376667786823
95) 2 6.0 -5.066000000000001 0.9999991339414862
96) 0 -2.0 1.0 0.786749131547214
96) 1 -1.467 0.46699999999999997 0.9995115058581578
97) 0 1.0 5.0 -0.9261848392897116
97) 1 1.0 4.467 -0.9909248253697196
97) 2 1.533 4.467 -0.9999465328479222
97) 3 2.066 5.0 -0.7663638276501206
97) 4 2.066 4.467 -0.9781887836586364
97) 5 2.5989999999999998 3.9339999999999997 -0.9999966100923515
97) 6 3.1319999999999997 4.467 -0.7363032228724423
97) 7 3.1319999999999997 3.9339999999999997 -0.9504525768710043
97) 8 3.1319999999999997 3.401 -0.9960469118439551
97) 9 3.6649999999999996 2.868 -0.9982828639006204
97) 10 3.1319999999999997 2.335 -0.692553879628944
97) 11 3.6649999999999996 2.335 -0.9334923826264643
97) 12 4.1979999999999995 2.335 -0.9958350381554537
97) 13 3.6649999999999996 2.868 -0.9982828639006204
97) 14 3.1319999999999997 2.335 -0.692553879628944
97) 15 3.6649999999999996 2.335 -0.9334923826264643
97) 16 4.1979999999999995 2.335 -0.9958350381554537
97) 17 3.6649999999999996 2.868 -0.9982828639006204
97) 18 3.1319999999999997 2.335 -0.692553879628944
97) 19 3.6649999999999996 2.335 -0.9334923826264643
97) 20 4.1979999999999995 2.335 -0.9958350381554537
97) 21 3.6649999999999996 2.868 -0.9982828639006204
97) 22 3.1319999999999997 2.335 -0.692553879628944
97) 23 3.6649999999999996 2.335 -0.9334923826264643
97) 24 4.1979999999999995 2.335 -0.9958350381554537
97) 25 3.6649999999999996 2.868 -0.9982828639006204
97) 26 3.1319999999999997 2.335 -0.692553879628944
97) 27 3.6649999999999996 2.335 -0.9334923826264643
97) 28 4.1979999999999995 2.335 -0.9958350381554537
97) 29 3.6649999999999996 2.868 -0.9982828639006204
97) 30 3.1319999999999997 2.335 -0.692553879628944
97) 31 3.6649999999999996 2.335 -0.9334923826264643
97) 32 4.1979999999999995 2.335 -0.9958350381554537
97) 33 3.6649999999999996 2.868 -0.9982828639006204
97) 34 3.1319999999999997 2.335 -0.692553879628944
97) 35 3.6649999999999996 2.335 -0.9334923826264643
97) 36 4.1979999999999995 2.335 -0.9958350381554537
97) 37 3.6649999999999996 2.868 -0.9982828639006204
97) 38 3.1319999999999997 2.335 -0.692553879628944
97) 39 3.6649999999999996 2.335 -0.9334923826264643
97) 40 4.1979999999999995 2.335 -0.9958350381554537
97) 41 3.6649999999999996 2.868 -0.9982828639006204
97) 42 3.1319999999999997 2.335 -0.692553879628944
97) 43 3.6649999999999996 2.335 -0.9334923826264643
97) 44 4.1979999999999995 2.335 -0.9958350381554537
97) 45 3.6649999999999996 2.868 -0.9982828639006204
97) 46 3.1319999999999997 2.335 -0.692553879628944
97) 47 3.6649999999999996 2.335 -0.9334923826264643
97) 48 4.1979999999999995 2.335 -0.9958350381554537
97) 49 3.6649999999999996 2.868 -0.9982828639006204
98) 0 4.0 -2.0 -0.9712777989606532
98) 1 4.0 -2.533 -0.9997541613509473
98) 2 4.533 -3.066 -0.7247476403345408
98) 3 4.0 -3.066 -0.9468534808567651
98) 4 3.467 -3.066 -0.9964601057913667
98) 5 4.0 -2.533 -0.9997541613509473
98) 6 4.533 -3.066 -0.7247476403345408
98) 7 4.0 -3.066 -0.9468534808567651
98) 8 3.467 -3.066 -0.9964601057913667
98) 9 4.0 -2.533 -0.9997541613509473
98) 10 4.533 -3.066 -0.7247476403345408
98) 11 4.0 -3.066 -0.9468534808567651
98) 12 3.467 -3.066 -0.9964601057913667
98) 13 4.0 -2.533 -0.9997541613509473
98) 14 4.533 -3.066 -0.7247476403345408
98) 15 4.0 -3.066 -0.9468534808567651
98) 16 3.467 -3.066 -0.9964601057913667
98) 17 4.0 -2.533 -0.9997541613509473
98) 18 4.533 -3.066 -0.7247476403345408
98) 19 4.0 -3.066 -0.9468534808567651
98) 20 3.467 -3.066 -0.9964601057913667
98) 21 4.0 -2.533 -0.9997541613509473
98) 22 4.533 -3.066 -0.7247476403345408
98) 23 4.0 -3.066 -0.9468534808567651
98) 24 3.467 -3.066 -0.9964601057913667
98) 25 4.0 -2.533 -0.9997541613509473
98) 26 4.533 -3.066 -0.7247476403345408
98) 27 4.0 -3.066 -0.9468534808567651
98) 28 3.467 -3.066 -0.9964601057913667
98) 29 4.0 -2.533 -0.9997541613509473
98) 30 4.533 -3.066 -0.7247476403345408
98) 31 4.0 -3.066 -0.9468534808567651
98) 32 3.467 -3.066 -0.9964601057913667
98) 33 4.0 -2.533 -0.9997541613509473
98) 34 4.533 -3.066 -0.7247476403345408
98) 35 4.0 -3.066 -0.9468534808567651
98) 36 3.467 -3.066 -0.9964601057913667
98) 37 4.0 -2.533 -0.9997541613509473
98) 38 4.533 -3.066 -0.7247476403345408
98) 39 4.0 -3.066 -0.9468534808567651
98) 40 3.467 -3.066 -0.9964601057913667
98) 41 4.0 -2.533 -0.9997541613509473
98) 42 4.533 -3.066 -0.7247476403345408
98) 43 4.0 -3.066 -0.9468534808567651
98) 44 3.467 -3.066 -0.9964601057913667
98) 45 4.0 -2.533 -0.9997541613509473
98) 46 4.533 -3.066 -0.7247476403345408
98) 47 4.0 -3.066 -0.9468534808567651
98) 48 3.467 -3.066 -0.9964601057913667
98) 49 4.0 -2.533 -0.9997541613509473
99) 0 -5.0 5.0 0.7088612918380416
99) 1 -5.533 5.533 0.9995755187054834
99) 2 -5.0 6.066000000000001 0.9999749071808858
END
TOTAL TIME: 99791164
POINT TIME: 48711505
BEST: -5.0 6.066000000000001 0.9999749071808858
