-10
10
-10
10
1
0
0
0) 0 -3.0 -5.0 -0.43697551727207756
1) 0 2.0 -4.0 -0.9712777989606532
2) 0 -3.0 -5.0 -0.43697551727207756
3) 0 5.0 0.0 -0.9589242746631385
4) 0 8.0 7.0 -0.9339707316330099
5) 0 7.0 -5.0 0.7328169085463447
6) 0 7.0 8.0 -0.9339707316330099
7) 0 1.0 -2.0 0.786749131547214
8) 0 -4.0 -7.0 0.9783888223346213
9) 0 -1.0 -4.0 -0.8313391791635062
10) 0 0.0 -8.0 0.9893582466233818
11) 0 -6.0 7.0 0.2037957684966491
12) 0 7.0 -5.0 0.7328169085463447
13) 0 -4.0 -8.0 0.4622279808582701
14) 0 -3.0 5.0 -0.43697551727207756
15) 0 0.0 4.0 -0.7568024953079282
16) 0 -1.0 1.0 0.9877659459927356
17) 0 6.0 4.0 0.8003730606575937
18) 0 -10.0 -4.0 -0.9747394897226348
19) 0 -10.0 -7.0 -0.35210108504889737
20) 0 -7.0 -7.0 -0.4570867375418006
21) 0 2.0 -7.0 0.8398053526495963
22) 0 -9.0 -10.0 0.7753400962492819
23) 0 8.0 2.0 0.9240590869570797
24) 0 -10.0 2.0 -0.6984726873116567
25) 0 1.0 2.0 0.786749131547214
26) 0 5.0 9.0 -0.7648781678542789
27) 0 0.0 7.0 0.6569865987187891
28) 0 -3.0 1.0 -0.020683531529582487
29) 0 8.0 -10.0 0.2375839859261567
30) 0 5.0 4.0 0.11965157649377203
31) 0 -9.0 -1.0 0.36104927727853203
32) 0 -3.0 0.0 0.1411200080598672
33) 0 -8.0 6.0 -0.5440211108893698
34) 0 9.0 0.0 0.4121184852417566
35) 0 3.0 7.0 0.9717622535057333
36) 0 4.0 9.0 -0.41148230684214054
37) 0 5.0 1.0 -0.9261848392897116
38) 0 4.0 -2.0 -0.9712777989606532
39) 0 -4.0 4.0 -0.586176193003373
40) 0 -7.0 2.0 0.8398053526495963
41) 0 -10.0 -4.0 -0.9747394897226348
42) 0 -3.0 -7.0 0.9717622535057333
43) 0 -8.0 3.0 0.7712319401165738
44) 0 3.0 -10.0 -0.8497593056327711
45) 0 1.0 7.0 0.7088612918380416
46) 0 7.0 -8.0 -0.9339707316330099
47) 0 -7.0 -10.0 -0.35210108504889737
48) 0 -7.0 0.0 0.6569865987187891
49) 0 2.0 -5.0 -0.7820948988254615
END
TOTAL TIME: 67427596
POINT TIME: 63296336
BEST: 0.0 -8.0 0.9893582466233818
