-10
10
-10
10
2
10
50
0) 0 1.1712022547007646 -10.0 -0.600058451028601
1) 0 -10.0 -7.76923164377592 0.09684815657892211
2) 0 10.0 -10.0 0.9999876561221204
3) 0 -5.459770607289977 5.813286478483258 0.9926652315436532
4) 0 9.180591324103506 10.0 0.8461537431008769
5) 0 6.26796878340686 4.4723395951404825 0.9881608042609067
6) 0 -3.7449175091516844 -10.0 -0.9500647096543627
7) 0 7.521227682362516 -10.0 -0.05359678723583293
8) 0 10.0 2.017154183784702 -0.7008861757242313
9) 0 -9.784984643605778 -10.0 0.9893253902836974
0) 1 10.0 -10.0 0.9999876561221204
1) 1 -10.0 -10.0 0.9999876561221204
2) 1 10.0 -10.0 0.9999876561221204
3) 1 -0.2041850789043682 6.2200216018061925 -0.059777550478567205
4) 1 10.0 10.0 0.9999876561221204
5) 1 10.0 -0.3282656458314195 -0.548532827206459
6) 1 5.578511436593948 -10.0 -0.8981816014646498
7) 1 10.0 -10.0 0.9999876561221204
8) 1 10.0 -3.5544829034811007 -0.9276817222449019
9) 1 0.6637628700677993 -10.0 -0.5623515554448898
0) 2 10.0 -10.0 0.9999876561221204
1) 2 -10.0 -10.0 0.9999876561221204
2) 2 10.0 -10.0 0.9999876561221204
3) 2 10.0 -1.1035253977742459 -0.593922920945759
4) 2 10.0 10.0 0.9999876561221204
5) 2 10.0 -5.662234844818289 -0.8793974757819955
6) 2 10.0 -10.0 0.9999876561221204
7) 2 10.0 -10.0 0.9999876561221204
8) 2 10.0 -10.0 0.9999876561221204
9) 2 10.0 -10.0 0.9999876561221204
0) 3 10.0 -10.0 0.9999876561221204
1) 3 -10.0 -10.0 0.9999876561221204
2) 3 10.0 -10.0 0.9999876561221204
3) 3 10.0 -10.0 0.9999876561221204
4) 3 10.0 5.193910485536942 -0.963014926664396
5) 3 10.0 -10.0 0.9999876561221204
6) 3 10.0 -10.0 0.9999876561221204
7) 3 10.0 -10.0 0.9999876561221204
8) 3 10.0 -10.0 0.9999876561221204
9) 3 10.0 -10.0 0.9999876561221204
0) 4 10.0 -10.0 0.9999876561221204
1) 4 -5.415866351158134 -10.0 -0.929835315425306
2) 4 10.0 -10.0 0.9999876561221204
3) 4 10.0 -10.0 0.9999876561221204
4) 4 10.0 -6.445683049851742 -0.6202215544969177
5) 4 10.0 -10.0 0.9999876561221204
6) 4 10.0 -10.0 0.9999876561221204
7) 4 10.0 -10.0 0.9999876561221204
8) 4 10.0 -10.0 0.9999876561221204
9) 4 10.0 -10.0 0.9999876561221204
0) 5 10.0 -10.0 0.9999876561221204
1) 5 2.693838665629877 -10.0 -0.802638872340193
2) 5 10.0 -10.0 0.9999876561221204
3) 5 10.0 -10.0 0.9999876561221204
4) 5 10.0 -10.0 0.9999876561221204
5) 5 10.0 -10.0 0.9999876561221204
6) 5 10.0 -10.0 0.9999876561221204
7) 5 10.0 -10.0 0.9999876561221204
8) 5 10.0 -10.0 0.9999876561221204
9) 5 10.0 -10.0 0.9999876561221204
0) 6 10.0 -10.0 0.9999876561221204
1) 6 10.0 -10.0 0.9999876561221204
2) 6 10.0 -10.0 0.9999876561221204
3) 6 10.0 -10.0 0.9999876561221204
4) 6 10.0 -10.0 0.9999876561221204
5) 6 10.0 -10.0 0.9999876561221204
6) 6 10.0 -10.0 0.9999876561221204
7) 6 10.0 -10.0 0.9999876561221204
8) 6 10.0 -10.0 0.9999876561221204
9) 6 10.0 -10.0 0.9999876561221204
0) 7 10.0 -10.0 0.9999876561221204
1) 7 10.0 -10.0 0.9999876561221204
2) 7 10.0 -10.0 0.9999876561221204
3) 7 10.0 -10.0 0.9999876561221204
4) 7 10.0 -10.0 0.9999876561221204
5) 7 10.0 -10.0 0.9999876561221204
6) 7 10.0 -10.0 0.9999876561221204
7) 7 10.0 -10.0 0.9999876561221204
8) 7 10.0 -10.0 0.9999876561221204
9) 7 10.0 -10.0 0.9999876561221204
0) 8 10.0 -10.0 0.9999876561221204
1) 8 10.0 -10.0 0.9999876561221204
2) 8 10.0 -10.0 0.9999876561221204
3) 8 10.0 -10.0 0.9999876561221204
4) 8 10.0 -10.0 0.9999876561221204
5) 8 10.0 -10.0 0.9999876561221204
6) 8 10.0 -10.0 0.9999876561221204
7) 8 10.0 -10.0 0.9999876561221204
8) 8 10.0 -10.0 0.9999876561221204
9) 8 10.0 -10.0 0.9999876561221204
0) 9 10.0 -10.0 0.9999876561221204
1) 9 10.0 -10.0 0.9999876561221204
2) 9 10.0 -10.0 0.9999876561221204
3) 9 10.0 -10.0 0.9999876561221204
4) 9 10.0 -10.0 0.9999876561221204
5) 9 10.0 -10.0 0.9999876561221204
6) 9 10.0 -10.0 0.9999876561221204
7) 9 10.0 -10.0 0.9999876561221204
8) 9 10.0 -10.0 0.9999876561221204
9) 9 10.0 -10.0 0.9999876561221204
0) 10 10.0 -10.0 0.9999876561221204
1) 10 10.0 -10.0 0.9999876561221204
2) 10 10.0 -10.0 0.9999876561221204
3) 10 10.0 -10.0 0.9999876561221204
4) 10 10.0 -10.0 0.9999876561221204
5) 10 10.0 -10.0 0.9999876561221204
6) 10 10.0 -10.0 0.9999876561221204
7) 10 10.0 -10.0 0.9999876561221204
8) 10 10.0 -10.0 0.9999876561221204
9) 10 10.0 -10.0 0.9999876561221204
0) 11 10.0 -10.0 0.9999876561221204
1) 11 10.0 -10.0 0.9999876561221204
2) 11 10.0 -10.0 0.9999876561221204
3) 11 10.0 -10.0 0.9999876561221204
4) 11 10.0 -10.0 0.9999876561221204
5) 11 10.0 -10.0 0.9999876561221204
6) 11 10.0 -10.0 0.9999876561221204
7) 11 10.0 -10.0 0.9999876561221204
8) 11 10.0 -10.0 0.9999876561221204
9) 11 10.0 -10.0 0.9999876561221204
0) 12 10.0 -10.0 0.9999876561221204
1) 12 10.0 -10.0 0.9999876561221204
2) 12 10.0 -10.0 0.9999876561221204
3) 12 10.0 -10.0 0.9999876561221204
4) 12 10.0 -10.0 0.9999876561221204
5) 12 10.0 -10.0 0.9999876561221204
6) 12 10.0 -10.0 0.9999876561221204
7) 12 10.0 -10.0 0.9999876561221204
8) 12 10.0 -10.0 0.9999876561221204
9) 12 10.0 -10.0 0.9999876561221204
0) 13 10.0 -10.0 0.9999876561221204
1) 13 10.0 -10.0 0.9999876561221204
2) 13 10.0 -10.0 0.9999876561221204
3) 13 10.0 -10.0 0.9999876561221204
4) 13 10.0 -10.0 0.9999876561221204
5) 13 10.0 -10.0 0.9999876561221204
6) 13 10.0 -10.0 0.9999876561221204
7) 13 10.0 -10.0 0.9999876561221204
8) 13 10.0 -10.0 0.9999876561221204
9) 13 10.0 -10.0 0.9999876561221204
0) 14 10.0 -10.0 0.9999876561221204
1) 14 10.0 -10.0 0.9999876561221204
2) 14 10.0 -10.0 0.9999876561221204
3) 14 10.0 -10.0 0.9999876561221204
4) 14 10.0 -10.0 0.9999876561221204
5) 14 10.0 -10.0 0.9999876561221204
6) 14 10.0 -10.0 0.9999876561221204
7) 14 10.0 -10.0 0.9999876561221204
8) 14 10.0 -10.0 0.9999876561221204
9) 14 10.0 -10.0 0.9999876561221204
0) 15 10.0 -10.0 0.9999876561221204
1) 15 8.642216404969576 -10.0 0.6056516703664838
2) 15 10.0 -10.0 0.9999876561221204
3) 15 10.0 -10.0 0.9999876561221204
4) 15 10.0 -10.0 0.9999876561221204
5) 15 10.0 -10.0 0.9999876561221204
6) 15 10.0 -10.0 0.9999876561221204
7) 15 10.0 -10.0 0.9999876561221204
8) 15 10.0 -10.0 0.9999876561221204
9) 15 10.0 -10.0 0.9999876561221204
0) 16 10.0 -10.0 0.9999876561221204
1) 16 7.3639167284220495 -10.0 -0.14700866088072645
2) 16 10.0 -10.0 0.9999876561221204
3) 16 10.0 -10.0 0.9999876561221204
4) 16 10.0 -10.0 0.9999876561221204
5) 16 10.0 -10.0 0.9999876561221204
6) 16 10.0 -10.0 0.9999876561221204
7) 16 10.0 -10.0 0.9999876561221204
8) 16 10.0 -10.0 0.9999876561221204
9) 16 10.0 -10.0 0.9999876561221204
0) 17 10.0 -10.0 0.9999876561221204
1) 17 7.261760919919338 -10.0 -0.2063511156461984
2) 17 10.0 -10.0 0.9999876561221204
3) 17 10.0 -10.0 0.9999876561221204
4) 17 10.0 -10.0 0.9999876561221204
5) 17 10.0 -10.0 0.9999876561221204
6) 17 10.0 -10.0 0.9999876561221204
7) 17 10.0 -10.0 0.9999876561221204
8) 17 10.0 -10.0 0.9999876561221204
9) 17 10.0 -10.0 0.9999876561221204
0) 18 10.0 -10.0 0.9999876561221204
1) 18 7.414721050380869 -10.0 -0.11708188429172688
2) 18 10.0 -10.0 0.9999876561221204
3) 18 10.0 -10.0 0.9999876561221204
4) 18 10.0 -9.904032056015081 0.9980332873674288
5) 18 10.0 -10.0 0.9999876561221204
6) 18 10.0 -10.0 0.9999876561221204
7) 18 10.0 -10.0 0.9999876561221204
8) 18 10.0 -10.0 0.9999876561221204
9) 18 10.0 -10.0 0.9999876561221204
0) 19 10.0 -10.0 0.9999876561221204
1) 19 7.210982921859951 -10.0 -0.23538295833090542
2) 19 10.0 -10.0 0.9999876561221204
3) 19 10.0 -10.0 0.9999876561221204
4) 19 10.0 -7.94042178560967 0.20135826950320093
5) 19 10.0 -10.0 0.9999876561221204
6) 19 10.0 -10.0 0.9999876561221204
7) 19 10.0 -10.0 0.9999876561221204
8) 19 10.0 -10.0 0.9999876561221204
9) 19 10.0 -10.0 0.9999876561221204
0) 20 10.0 -10.0 0.9999876561221204
1) 20 6.635561465640184 -10.0 -0.5354939527295303
2) 20 10.0 -10.0 0.9999876561221204
3) 20 10.0 -10.0 0.9999876561221204
4) 20 10.0 -5.5660924268039995 -0.9008227407565025
5) 20 10.0 -10.0 0.9999876561221204
6) 20 10.0 -10.0 0.9999876561221204
7) 20 10.0 -10.0 0.9999876561221204
8) 20 10.0 -10.0 0.9999876561221204
9) 20 10.0 -10.0 0.9999876561221204
0) 21 10.0 -10.0 0.9999876561221204
1) 21 6.777585818461305 -10.0 -0.46708126041344494
2) 21 10.0 -10.0 0.9999876561221204
3) 21 10.0 -10.0 0.9999876561221204
4) 21 10.0 -2.6347788902966047 -0.7934772617366336
5) 21 10.0 -10.0 0.9999876561221204
6) 21 10.0 -10.0 0.9999876561221204
7) 21 10.0 -10.0 0.9999876561221204
8) 21 10.0 -10.0 0.9999876561221204
9) 21 10.0 -10.0 0.9999876561221204
0) 22 10.0 -10.0 0.9999876561221204
1) 22 5.42201634153245 -10.0 -0.9287531237503848
2) 22 10.0 -10.0 0.9999876561221204
3) 22 10.0 -10.0 0.9999876561221204
4) 22 10.0 -3.543148733252439 -0.9262597328610047
5) 22 10.0 -10.0 0.9999876561221204
6) 22 10.0 -10.0 0.9999876561221204
7) 22 10.0 -10.0 0.9999876561221204
8) 22 10.0 -10.0 0.9999876561221204
9) 22 10.0 -10.0 0.9999876561221204
0) 23 10.0 -10.0 0.9999876561221204
1) 23 5.158175643255101 -10.0 -0.9673108875240312
2) 23 10.0 -10.0 0.9999876561221204
3) 23 10.0 -10.0 0.9999876561221204
4) 23 10.0 -3.483897643041371 -0.9186791842721446
5) 23 10.0 -10.0 0.9999876561221204
6) 23 10.0 -10.0 0.9999876561221204
7) 23 10.0 -10.0 0.9999876561221204
8) 23 10.0 -10.0 0.9999876561221204
9) 23 10.0 -10.0 0.9999876561221204
0) 24 10.0 -10.0 0.9999876561221204
1) 24 6.6196249034303465 -10.0 -0.5429084643200576
2) 24 10.0 -10.0 0.9999876561221204
3) 24 10.0 -10.0 0.9999876561221204
4) 24 10.0 -3.8119636503074155 -0.9571921924934883
5) 24 10.0 -10.0 0.9999876561221204
6) 24 10.0 -10.0 0.9999876561221204
7) 24 10.0 -10.0 0.9999876561221204
8) 24 10.0 -10.0 0.9999876561221204
9) 24 10.0 -10.0 0.9999876561221204
0) 25 10.0 -10.0 0.9999876561221204
1) 25 8.765623112087477 -10.0 0.6680645875070115
2) 25 10.0 -10.0 0.9999876561221204
3) 25 10.0 -10.0 0.9999876561221204
4) 25 10.0 -5.577391647388376 -0.8984212789023611
5) 25 10.0 -10.0 0.9999876561221204
6) 25 10.0 -10.0 0.9999876561221204
7) 25 10.0 -10.0 0.9999876561221204
8) 25 10.0 -10.0 0.9999876561221204
9) 25 10.0 -10.0 0.9999876561221204
0) 26 10.0 -10.0 0.9999876561221204
1) 26 10.0 -10.0 0.9999876561221204
2) 26 10.0 -10.0 0.9999876561221204
3) 26 10.0 -10.0 0.9999876561221204
4) 26 10.0 -7.4670656014917505 -0.08599708896916519
5) 26 10.0 -10.0 0.9999876561221204
6) 26 10.0 -10.0 0.9999876561221204
7) 26 10.0 -10.0 0.9999876561221204
8) 26 10.0 -10.0 0.9999876561221204
9) 26 10.0 -10.0 0.9999876561221204
0) 27 10.0 -10.0 0.9999876561221204
1) 27 10.0 -10.0 0.9999876561221204
2) 27 10.0 -10.0 0.9999876561221204
3) 27 10.0 -10.0 0.9999876561221204
4) 27 10.0 -8.602653334646783 0.5848939399868109
5) 27 10.0 -10.0 0.9999876561221204
6) 27 10.0 -10.0 0.9999876561221204
7) 27 10.0 -10.0 0.9999876561221204
8) 27 10.0 -10.0 0.9999876561221204
9) 27 10.0 -10.0 0.9999876561221204
0) 28 10.0 -10.0 0.9999876561221204
1) 28 9.08905976661308 -10.0 0.811662952423146
2) 28 10.0 -10.0 0.9999876561221204
3) 28 10.0 -10.0 0.9999876561221204
4) 28 10.0 -8.72678942294146 0.6488246982970288
5) 28 10.0 -10.0 0.9999876561221204
6) 28 10.0 -10.0 0.9999876561221204
7) 28 10.0 -10.0 0.9999876561221204
8) 28 10.0 -10.0 0.9999876561221204
9) 28 10.0 -10.0 0.9999876561221204
0) 29 10.0 -10.0 0.9999876561221204
1) 29 7.412288310570641 -10.0 -0.11852059947207393
2) 29 10.0 -10.0 0.9999876561221204
3) 29 10.0 -10.0 0.9999876561221204
4) 29 10.0 -7.636145721266378 0.015787585682398388
5) 29 10.0 -10.0 0.9999876561221204
6) 29 10.0 -10.0 0.9999876561221204
7) 29 10.0 -10.0 0.9999876561221204
8) 29 10.0 -10.0 0.9999876561221204
9) 29 10.0 -10.0 0.9999876561221204
0) 30 10.0 -10.0 0.9999876561221204
1) 30 4.332884421833503 -10.0 -0.9952767935808171
2) 30 10.0 -10.0 0.9999876561221204
3) 30 10.0 -10.0 0.9999876561221204
4) 30 10.0 -5.573419638710726 -0.8992689885981904
5) 30 10.0 -10.0 0.9999876561221204
6) 30 10.0 -10.0 0.9999876561221204
7) 30 10.0 -10.0 0.9999876561221204
8) 30 10.0 -10.0 0.9999876561221204
9) 30 10.0 -10.0 0.9999876561221204
0) 31 10.0 -10.0 0.9999876561221204
1) 31 2.356578952590194 -10.0 -0.7507149240937596
2) 31 10.0 -10.0 0.9999876561221204
3) 31 10.0 -10.0 0.9999876561221204
4) 31 10.0 -5.826803568328849 -0.8374621732185451
5) 31 10.0 -10.0 0.9999876561221204
6) 31 10.0 -10.0 0.9999876561221204
7) 31 10.0 -10.0 0.9999876561221204
8) 31 10.0 -10.0 0.9999876561221204
9) 31 10.0 -10.0 0.9999876561221204
0) 32 10.0 -10.0 0.9999876561221204
1) 32 3.774650684833805 -10.0 -0.9532779211964173
2) 32 10.0 -10.0 0.9999876561221204
3) 32 10.0 -10.0 0.9999876561221204
4) 32 10.0 -7.961017107502714 0.21389615068140744
5) 32 10.0 -10.0 0.9999876561221204
6) 32 10.0 -10.0 0.9999876561221204
7) 32 10.0 -10.0 0.9999876561221204
8) 32 10.0 -10.0 0.9999876561221204
9) 32 10.0 -10.0 0.9999876561221204
0) 33 10.0 -10.0 0.9999876561221204
1) 33 4.610712694130525 -10.0 -0.999869151421971
2) 33 10.0 -10.0 0.9999876561221204
3) 33 10.0 -10.0 0.9999876561221204
4) 33 10.0 -9.370914478004124 0.9078617304803414
5) 33 10.0 -10.0 0.9999876561221204
6) 33 10.0 -10.0 0.9999876561221204
7) 33 10.0 -10.0 0.9999876561221204
8) 33 10.0 -10.0 0.9999876561221204
9) 33 10.0 -10.0 0.9999876561221204
0) 34 10.0 -10.0 0.9999876561221204
1) 34 8.329130628313074 -10.0 0.4331836658959464
2) 34 10.0 -10.0 0.9999876561221204
3) 34 10.0 -10.0 0.9999876561221204
4) 34 10.0 -10.0 0.9999876561221204
5) 34 10.0 -10.0 0.9999876561221204
6) 34 10.0 -10.0 0.9999876561221204
7) 34 10.0 -10.0 0.9999876561221204
8) 34 10.0 -10.0 0.9999876561221204
9) 34 10.0 -10.0 0.9999876561221204
0) 35 10.0 -10.0 0.9999876561221204
1) 35 10.0 -10.0 0.9999876561221204
2) 35 10.0 -10.0 0.9999876561221204
3) 35 10.0 -10.0 0.9999876561221204
4) 35 10.0 -9.3397106342332 0.89871826474412
5) 35 10.0 -10.0 0.9999876561221204
6) 35 10.0 -10.0 0.9999876561221204
7) 35 10.0 -10.0 0.9999876561221204
8) 35 10.0 -10.0 0.9999876561221204
9) 35 10.0 -10.0 0.9999876561221204
0) 36 10.0 -10.0 0.9999876561221204
1) 36 10.0 -10.0 0.9999876561221204
2) 36 10.0 -10.0 0.9999876561221204
3) 36 10.0 -10.0 0.9999876561221204
4) 36 10.0 -8.353362004732016 0.447120301975184
5) 36 10.0 -10.0 0.9999876561221204
6) 36 10.0 -10.0 0.9999876561221204
7) 36 10.0 -10.0 0.9999876561221204
8) 36 10.0 -10.0 0.9999876561221204
9) 36 10.0 -10.0 0.9999876561221204
0) 37 10.0 -10.0 0.9999876561221204
1) 37 10.0 -10.0 0.9999876561221204
2) 37 10.0 -10.0 0.9999876561221204
3) 37 10.0 -10.0 0.9999876561221204
4) 37 10.0 -7.733545809257416 0.07506695327568443
5) 37 10.0 -10.0 0.9999876561221204
6) 37 10.0 -10.0 0.9999876561221204
7) 37 10.0 -10.0 0.9999876561221204
8) 37 10.0 -10.0 0.9999876561221204
9) 37 10.0 -10.0 0.9999876561221204
0) 38 10.0 -10.0 0.9999876561221204
1) 38 10.0 -10.0 0.9999876561221204
2) 38 10.0 -10.0 0.9999876561221204
3) 38 10.0 -10.0 0.9999876561221204
4) 38 10.0 -6.68768969465706 -0.5108662615797536
5) 38 10.0 -10.0 0.9999876561221204
6) 38 10.0 -10.0 0.9999876561221204
7) 38 10.0 -10.0 0.9999876561221204
8) 38 10.0 -10.0 0.9999876561221204
9) 38 10.0 -10.0 0.9999876561221204
0) 39 10.0 -10.0 0.9999876561221204
1) 39 9.616414893648372 -10.0 0.96545424380538
2) 39 10.0 -10.0 0.9999876561221204
3) 39 10.0 -10.0 0.9999876561221204
4) 39 10.0 -6.370516002368609 -0.6515155066334443
5) 39 10.0 -10.0 0.9999876561221204
6) 39 10.0 -10.0 0.9999876561221204
7) 39 10.0 -10.0 0.9999876561221204
8) 39 10.0 -10.0 0.9999876561221204
9) 39 10.0 -10.0 0.9999876561221204
0) 40 10.0 -10.0 0.9999876561221204
1) 40 8.141491774953108 -10.0 0.3228511458491738
2) 40 10.0 -10.0 0.9999876561221204
3) 40 10.0 -10.0 0.9999876561221204
4) 40 10.0 -5.4514171783626315 -0.9234559414131985
5) 40 10.0 -10.0 0.9999876561221204
6) 40 10.0 -10.0 0.9999876561221204
7) 40 10.0 -10.0 0.9999876561221204
8) 40 10.0 -10.0 0.9999876561221204
9) 40 10.0 -10.0 0.9999876561221204
0) 41 10.0 -10.0 0.9999876561221204
1) 41 6.898104349544592 -10.0 -0.4058982900925066
2) 41 10.0 -10.0 0.9999876561221204
3) 41 10.0 -10.0 0.9999876561221204
4) 41 10.0 -6.257752571463713 -0.6959798038149889
5) 41 10.0 -10.0 0.9999876561221204
6) 41 10.0 -10.0 0.9999876561221204
7) 41 10.0 -10.0 0.9999876561221204
8) 41 10.0 -10.0 0.9999876561221204
9) 41 10.0 -10.0 0.9999876561221204
0) 42 10.0 -10.0 0.9999876561221204
1) 42 5.479436395506442 -10.0 -0.9182166297242158
2) 42 10.0 -10.0 0.9999876561221204
3) 42 10.0 -10.0 0.9999876561221204
4) 42 10.0 -7.952554157942595 0.2087458615256128
5) 42 10.0 -10.0 0.9999876561221204
6) 42 10.0 -10.0 0.9999876561221204
7) 42 10.0 -10.0 0.9999876561221204
8) 42 10.0 -10.0 0.9999876561221204
9) 42 10.0 -10.0 0.9999876561221204
0) 43 10.0 -10.0 0.9999876561221204
1) 43 6.433972726672543 -10.0 -0.6251825440228339
2) 43 10.0 -10.0 0.9999876561221204
3) 43 10.0 -10.0 0.9999876561221204
4) 43 10.0 -9.092766535942548 0.813116913065254
5) 43 10.0 -10.0 0.9999876561221204
6) 43 10.0 -10.0 0.9999876561221204
7) 43 10.0 -10.0 0.9999876561221204
8) 43 10.0 -10.0 0.9999876561221204
9) 43 10.0 -10.0 0.9999876561221204
0) 44 10.0 -10.0 0.9999876561221204
1) 44 8.040939340019131 -10.0 0.262384337028069
2) 44 10.0 -10.0 0.9999876561221204
3) 44 10.0 -10.0 0.9999876561221204
4) 44 10.0 -8.814029646647084 0.6914993444457843
5) 44 10.0 -10.0 0.9999876561221204
6) 44 10.0 -10.0 0.9999876561221204
7) 44 10.0 -10.0 0.9999876561221204
8) 44 10.0 -10.0 0.9999876561221204
9) 44 10.0 -10.0 0.9999876561221204
0) 45 10.0 -10.0 0.9999876561221204
1) 45 10.0 -10.0 0.9999876561221204
2) 45 10.0 -10.0 0.9999876561221204
3) 45 10.0 -10.0 0.9999876561221204
4) 45 10.0 -8.185485892067044 0.3490542519695252
5) 45 10.0 -10.0 0.9999876561221204
6) 45 10.0 -10.0 0.9999876561221204
7) 45 10.0 -10.0 0.9999876561221204
8) 45 10.0 -10.0 0.9999876561221204
9) 45 10.0 -10.0 0.9999876561221204
0) 46 10.0 -10.0 0.9999876561221204
1) 46 10.0 -10.0 0.9999876561221204
2) 46 10.0 -10.0 0.9999876561221204
3) 46 10.0 -10.0 0.9999876561221204
4) 46 10.0 -7.593044785279421 -0.010322919502233739
5) 46 10.0 -10.0 0.9999876561221204
6) 46 10.0 -10.0 0.9999876561221204
7) 46 10.0 -10.0 0.9999876561221204
8) 46 10.0 -10.0 0.9999876561221204
9) 46 10.0 -10.0 0.9999876561221204
0) 47 10.0 -10.0 0.9999876561221204
1) 47 10.0 -10.0 0.9999876561221204
2) 47 10.0 -10.0 0.9999876561221204
3) 47 10.0 -10.0 0.9999876561221204
4) 47 10.0 -6.8383409348899376 -0.4365824559818031
5) 47 10.0 -10.0 0.9999876561221204
6) 47 10.0 -10.0 0.9999876561221204
7) 47 10.0 -10.0 0.9999876561221204
8) 47 10.0 -10.0 0.9999876561221204
9) 47 10.0 -10.0 0.9999876561221204
0) 48 10.0 -10.0 0.9999876561221204
1) 48 10.0 -10.0 0.9999876561221204
2) 48 10.0 -10.0 0.9999876561221204
3) 48 10.0 -10.0 0.9999876561221204
4) 48 10.0 -6.397805168085 -0.6403055115927904
5) 48 10.0 -10.0 0.9999876561221204
6) 48 10.0 -10.0 0.9999876561221204
7) 48 10.0 -10.0 0.9999876561221204
8) 48 10.0 -10.0 0.9999876561221204
9) 48 10.0 -10.0 0.9999876561221204
0) 49 10.0 -10.0 0.9999876561221204
1) 49 9.563340935169313 -10.0 0.9552328572002007
2) 49 10.0 -10.0 0.9999876561221204
3) 49 10.0 -10.0 0.9999876561221204
4) 49 10.0 -4.62531287404911 -0.9997514003487993
5) 49 10.0 -10.0 0.9999876561221204
6) 49 10.0 -10.0 0.9999876561221204
7) 49 10.0 -10.0 0.9999876561221204
8) 49 10.0 -10.0 0.9999876561221204
9) 49 10.0 -10.0 0.9999876561221204
END
TOTAL TIME: 104982270
POINT TIME: 3609480
BEST: 10.0 -10.0 0.9999876561221204
