-10
10
-10
10
0
0
0
0) 0 8.0 -7.0 -0.9339707316330099
0) 1 8.0 -7.733 -0.991439782576177
0) 2 8.733 -8.466 -0.39252535406471184
0) 3 9.466000000000001 -9.199 0.5916691779547821
0) 4 9.466000000000001 -9.932 0.9144084367903546
1) 0 -4.0 -3.0 -0.9589242746631385
1) 1 -3.267 -3.0 -0.9618990928538954
1) 2 -3.267 -3.733 -0.9693280698648559
1) 3 -2.534 -3.733 -0.9799517306919349
1) 4 -1.8009999999999997 -4.466 -0.9946917937478308
1) 5 -2.534 -5.199 -0.47900632196737986
1) 6 -3.267 -5.9319999999999995 0.469705461600212
1) 7 -4.0 -6.664999999999999 0.9967367924865841
2) 0 -8.0 1.0 0.9783888223346213
2) 1 -8.0 0.267 0.988700329794683
3) 0 2.0 -2.0 0.30807174236304485
3) 1 1.267 -1.267 0.9756760449799874
3) 2 0.5339999999999999 -1.267 0.9808803205869449
4) 0 -10.0 0.0 -0.5440211108893698
4) 1 -9.267 0.0 0.15712415735288668
4) 2 -8.533999999999999 0.0 0.7775611701910634
4) 3 -7.800999999999999 0.733 0.9998266505092028
5) 0 5.0 1.0 -0.9261848392897116
5) 1 5.0 0.267 -0.9568791998893781
5) 2 5.733 1.0 -0.44719284832759326
5) 3 6.465999999999999 1.733 0.39954871284718535
5) 4 7.198999999999999 2.466 0.9702989684161716
5) 5 7.198999999999999 3.1990000000000003 0.999717157980247
6) 0 -1.0 3.0 -0.020683531529582487
6) 1 -0.267 2.267 0.757139841483701
6) 2 -0.267 1.5339999999999998 0.9999056985296105
7) 0 -8.0 2.0 0.9240590869570797
7) 1 -7.267 2.733 0.9959479110983445
8) 0 3.0 7.0 0.9717622535057333
8) 1 3.733 7.0 0.9968657271426321
9) 0 -3.0 1.0 -0.020683531529582487
9) 1 -2.267 0.267 0.757139841483701
9) 2 -1.5339999999999998 0.267 0.9999056985296105
10) 0 0.0 -6.0 -0.27941549819892586
10) 1 0.733 -6.733 0.47027012776117993
10) 2 1.466 -7.465999999999999 0.970036992107538
10) 3 2.199 -7.465999999999999 0.9974894553540649
11) 0 6.0 -2.0 0.04135821352247398
11) 1 6.733 -2.733 0.832360358136526
11) 2 7.465999999999999 -2.733 0.9953457492064683
12) 0 -6.0 -1.0 -0.19908366251892284
12) 1 -6.733 -1.733 0.6204104282231928
12) 2 -7.465999999999999 -2.466 0.9999618506111997
13) 0 1.0 1.0 0.9877659459927356
14) 0 -7.0 -9.0 -0.9186368297074818
14) 1 -6.267 -9.0 -0.9995920432924422
14) 2 -5.534000000000001 -8.267 -0.4999236231974381
14) 3 -4.801000000000001 -7.534 0.4715885149984525
14) 4 -4.068000000000001 -6.801 0.9974944542581101
15) 0 -6.0 -8.0 -0.5440211108893698
15) 1 -5.267 -7.267 0.4347679467771668
15) 2 -4.534000000000001 -6.534000000000001 0.9951010455691714
15) 3 -5.267 -5.801000000000001 0.9998266505092029
15) 4 -6.0 -5.068000000000001 0.9999999996700611
16) 0 2.0 -5.0 -0.7820948988254615
16) 1 2.733 -5.733 0.06787088432476894
16) 2 3.466 -6.465999999999999 0.8690030041700909
16) 3 3.466 -7.198999999999999 0.9907751478872655
17) 0 -4.0 -6.0 0.8003730606575937
17) 1 -4.0 -6.733 0.999748584094609
18) 0 6.0 -6.0 0.8072610908541349
18) 1 5.267 -6.0 0.9915835864360791
19) 0 8.0 -6.0 -0.5440211108893698
19) 1 7.267 -5.267 0.4347679467771668
19) 2 6.534000000000001 -4.534000000000001 0.9951010455691714
19) 3 5.801000000000001 -5.267 0.9998266505092029
19) 4 5.068000000000001 -6.0 0.9999999996700611
20) 0 0.0 3.0 0.1411200080598672
20) 1 0.0 2.267 0.7672823307944543
20) 2 0.0 1.5339999999999998 0.9993230915484982
21) 0 1.0 -9.0 0.36104927727853203
21) 1 0.267 -8.267 0.9141748493842166
21) 2 1.0 -7.534 0.9679387781088995
21) 3 1.733 -7.534 0.9924161843371087
21) 4 2.466 -7.534 0.9973123648582933
22) 0 -1.0 -2.0 0.786749131547214
22) 1 -1.0 -1.267 0.9990629421616589
23) 0 6.0 5.0 0.9990439103118804
24) 0 0.0 -1.0 0.8414709848078965
24) 1 0.0 -1.733 0.9868738013232312
25) 0 -2.0 5.0 -0.7820948988254615
25) 1 -2.733 5.733 0.06787088432476894
25) 2 -3.466 6.465999999999999 0.8690030041700909
25) 3 -3.466 7.198999999999999 0.9907751478872655
26) 0 4.0 -6.0 0.8003730606575937
26) 1 4.0 -6.733 0.999748584094609
27) 0 1.0 -9.0 0.36104927727853203
27) 1 0.267 -8.267 0.9141748493842166
27) 2 1.0 -7.534 0.9679387781088995
27) 3 1.733 -7.534 0.9924161843371087
27) 4 2.466 -7.534 0.9973123648582933
28) 0 -10.0 9.0 0.7753400962492819
28) 1 -10.0 9.733 0.9833836766101465
29) 0 4.0 8.0 0.4622279808582701
29) 1 3.267 7.267 0.9935528845757503
30) 0 1.0 1.0 0.9877659459927356
31) 0 -4.0 -6.0 0.8003730606575937
31) 1 -4.0 -6.733 0.999748584094609
32) 0 -6.0 -10.0 -0.786095708473608
32) 1 -6.0 -10.733 -0.2668662962227178
32) 2 -6.733 -10.733 0.10350986879282673
32) 3 -7.465999999999999 -10.733 0.4864066592527414
32) 4 -8.199 -10.733 0.8075328342712086
32) 5 -8.932 -10.733 0.9849489775337643
33) 0 -2.0 6.0 0.04135821352247398
33) 1 -2.733 6.733 0.832360358136526
33) 2 -2.733 7.465999999999999 0.9953457492064683
34) 0 8.0 6.0 -0.5440211108893698
34) 1 7.267 5.267 0.4347679467771668
34) 2 6.534000000000001 4.534000000000001 0.9951010455691714
34) 3 5.801000000000001 5.267 0.9998266505092029
34) 4 5.068000000000001 6.0 0.9999999996700611
35) 0 -2.0 0.0 0.9092974268256817
35) 1 -1.267 0.733 0.9942765196361619
35) 2 -0.5339999999999999 1.466 0.9999441577455805
36) 0 7.0 5.0 0.7328169085463447
36) 1 6.267 5.0 0.9867115232332527
36) 2 5.534000000000001 5.733 0.9934824989021975
37) 0 -2.0 4.0 -0.9712777989606532
37) 1 -1.267 4.733 -0.9825176821189016
37) 2 -0.5339999999999999 4.733 -0.9987180695460173
37) 3 0.19900000000000007 4.733 -0.9996926774701536
37) 4 0.932 5.465999999999999 -0.6730297452691666
37) 5 1.665 6.198999999999999 0.13510928012763765
37) 6 2.398 6.931999999999999 0.868351883662232
37) 7 1.665 7.664999999999998 0.999947680725705
38) 0 2.0 -7.0 0.8398053526495963
38) 1 1.267 -7.733 0.9998402587822278
39) 0 6.0 -2.0 0.04135821352247398
39) 1 6.733 -2.733 0.832360358136526
39) 2 7.465999999999999 -2.733 0.9953457492064683
40) 0 0.0 7.0 0.6569865987187891
40) 1 0.733 7.733 0.9962768011405148
40) 2 1.466 7.733 0.9998596916546955
41) 0 -6.0 -8.0 -0.5440211108893698
41) 1 -5.267 -7.267 0.4347679467771668
41) 2 -4.534000000000001 -6.534000000000001 0.9951010455691714
41) 3 -5.267 -5.801000000000001 0.9998266505092029
41) 4 -6.0 -5.068000000000001 0.9999999996700611
42) 0 -4.0 -2.0 -0.9712777989606532
42) 1 -4.0 -2.733 -0.991284545726614
42) 2 -3.267 -3.466 -0.9987180695460173
42) 3 -4.0 -4.199 -0.4652432595166729
42) 4 -4.733 -4.9319999999999995 0.5247745267157008
42) 5 -5.465999999999999 -5.664999999999999 0.9998365306704692
43) 0 6.0 -1.0 -0.19908366251892284
43) 1 6.733 -1.733 0.6204104282231928
43) 2 7.465999999999999 -2.466 0.9999618506111997
44) 0 4.0 -3.0 -0.9589242746631385
44) 1 3.267 -3.0 -0.9618990928538954
44) 2 3.267 -3.733 -0.9693280698648559
44) 3 2.534 -3.733 -0.9799517306919349
44) 4 1.8009999999999997 -4.466 -0.9946917937478308
44) 5 2.534 -5.199 -0.47900632196737986
44) 6 3.267 -5.9319999999999995 0.469705461600212
44) 7 4.0 -6.664999999999999 0.9967367924865841
45) 0 1.0 -4.0 -0.8313391791635062
45) 1 1.0 -4.733 -0.9921853319538029
45) 2 0.267 -4.733 -0.9996042061619907
45) 3 1.0 -5.465999999999999 -0.6642302445811088
45) 4 1.733 -6.198999999999999 0.15289577909213417
45) 5 2.466 -6.931999999999999 0.8792954400963778
45) 6 1.733 -7.664999999999998 0.999989937791639
46) 0 1.0 2.0 0.786749131547214
46) 1 1.0 1.267 0.9990629421616589
47) 0 -6.0 -1.0 -0.19908366251892284
47) 1 -6.733 -1.733 0.6204104282231928
47) 2 -7.465999999999999 -2.466 0.9999618506111997
48) 0 0.0 -10.0 -0.5440211108893698
48) 1 0.0 -9.267 0.15712415735288668
48) 2 0.0 -8.533999999999999 0.7775611701910634
48) 3 0.733 -7.800999999999999 0.9998266505092028
49) 0 3.0 -8.0 0.7712319401165738
49) 1 3.0 -7.267 0.9999687417959943
50) 0 -9.0 5.0 -0.7648781678542789
50) 1 -8.267 4.267 0.12122277451427169
50) 2 -7.534 3.5340000000000003 0.8926095508322617
50) 3 -6.801 4.267 0.9847661549010601
50) 4 -6.0680000000000005 5.0 0.9999627824714249
51) 0 6.0 -6.0 0.8072610908541349
51) 1 5.267 -6.0 0.9915835864360791
52) 0 -3.0 -3.0 -0.8916822544789358
52) 1 -3.0 -3.733 -0.9970606707867586
52) 2 -3.733 -4.466 -0.4461816552049233
52) 3 -4.466 -5.199 0.5401606653296922
52) 4 -5.199 -5.9319999999999995 0.999426420014312
53) 0 -4.0 7.0 0.9783888223346213
53) 1 -4.733 6.267 0.9999998553152674
54) 0 -2.0 0.0 0.9092974268256817
54) 1 -1.267 0.733 0.9942765196361619
54) 2 -0.5339999999999999 1.466 0.9999441577455805
55) 0 4.0 -1.0 -0.8313391791635062
55) 1 4.0 -1.733 -0.9383007985064327
55) 2 4.0 -2.466 -0.9999111578567661
55) 3 3.267 -1.733 -0.5282966224861632
55) 4 2.534 -1.0 0.4053967262734959
55) 5 1.8009999999999997 -0.267 0.9689402211661544
55) 6 1.0679999999999996 -1.0 0.9942049720280928
56) 0 -2.0 -5.0 -0.7820948988254615
56) 1 -2.733 -5.733 0.06787088432476894
56) 2 -3.466 -6.465999999999999 0.8690030041700909
56) 3 -3.466 -7.198999999999999 0.9907751478872655
57) 0 -6.0 -5.0 0.9990439103118804
58) 0 -10.0 -10.0 0.9999876561221204
59) 0 -5.0 5.0 0.7088612918380416
59) 1 -5.733 5.0 0.9696682593144225
59) 2 -6.465999999999999 4.267 0.9942859251323009
60) 0 4.0 -3.0 -0.9589242746631385
60) 1 3.267 -3.0 -0.9618990928538954
60) 2 3.267 -3.733 -0.9693280698648559
60) 3 2.534 -3.733 -0.9799517306919349
60) 4 1.8009999999999997 -4.466 -0.9946917937478308
60) 5 2.534 -5.199 -0.47900632196737986
60) 6 3.267 -5.9319999999999995 0.469705461600212
60) 7 4.0 -6.664999999999999 0.9967367924865841
61) 0 -1.0 6.0 -0.19908366251892284
61) 1 -1.733 6.733 0.6204104282231928
61) 2 -2.466 7.465999999999999 0.9999618506111997
62) 0 3.0 -9.0 -0.06201520022829486
62) 1 2.267 -8.267 0.7529806546986797
62) 2 2.267 -7.534 0.9999061297321838
63) 0 -1.0 -5.0 -0.9261848392897116
63) 1 -0.267 -5.0 -0.9568791998893781
63) 2 -1.0 -5.733 -0.44719284832759326
63) 3 -1.733 -6.465999999999999 0.39954871284718535
63) 4 -2.466 -7.198999999999999 0.9702989684161716
63) 5 -3.1990000000000003 -7.198999999999999 0.999717157980247
64) 0 7.0 8.0 -0.9339707316330099
64) 1 7.733 8.0 -0.991439782576177
64) 2 8.466 8.733 -0.39252535406471184
64) 3 9.199 9.466000000000001 0.5916691779547821
64) 4 9.932 9.466000000000001 0.9144084367903546
65) 0 4.0 5.0 0.11965157649377203
65) 1 4.733 5.733 0.9132121752361222
65) 2 5.465999999999999 5.733 0.9977457832839659
66) 0 -5.0 8.0 -0.009203041372185148
66) 1 -4.267 7.267 0.8401959812676132
66) 2 -4.267 6.534000000000001 0.9987448610077386
67) 0 -9.0 -10.0 0.7753400962492819
67) 1 -9.733 -10.0 0.9833836766101465
68) 0 -4.0 3.0 -0.9589242746631385
68) 1 -4.0 2.267 -0.9934359455693715
68) 2 -3.267 1.5339999999999998 -0.45076666099728635
68) 3 -2.534 0.8009999999999998 0.4653303979299579
68) 4 -1.8009999999999997 0.06799999999999984 0.9733263281784692
69) 0 -1.0 5.0 -0.9261848392897116
69) 1 -1.0 4.267 -0.9461146270201214
69) 2 -0.267 5.0 -0.9568791998893781
69) 3 -1.0 5.733 -0.44719284832759326
69) 4 -1.733 6.465999999999999 0.39954871284718535
69) 5 -2.466 7.198999999999999 0.9702989684161716
69) 6 -3.1990000000000003 7.198999999999999 0.999717157980247
70) 0 4.0 -7.0 0.9783888223346213
70) 1 4.733 -6.267 0.9999998553152674
71) 0 -6.0 4.0 0.8003730606575937
71) 1 -6.733 4.0 0.999748584094609
72) 0 -9.0 -2.0 0.2037957684966491
72) 1 -8.267 -1.267 0.8729665308651438
72) 2 -7.534 -2.0 0.9982578002863839
73) 0 -6.0 7.0 0.2037957684966491
73) 1 -5.267 6.267 0.9452672228456307
73) 2 -4.534000000000001 6.267 0.9929470555204232
73) 3 -3.8010000000000006 7.0 0.9937993655941219
74) 0 -10.0 8.0 0.2375839859261567
74) 1 -10.0 8.733 0.6519272247372729
74) 2 -10.0 9.466000000000001 0.9332471026983984
75) 0 -10.0 9.0 0.7753400962492819
75) 1 -10.0 9.733 0.9833836766101465
76) 0 -5.0 0.0 -0.9589242746631385
76) 1 -5.733 0.733 -0.4825080961321493
76) 2 -6.465999999999999 1.466 0.34000402512055133
76) 3 -7.198999999999999 2.199 0.9471328173481207
76) 4 -7.198999999999999 2.932 0.9967367924865841
77) 0 -5.0 -5.0 0.7088612918380416
77) 1 -5.0 -5.733 0.9696682593144225
77) 2 -4.267 -6.465999999999999 0.9942859251323009
78) 0 -9.0 -7.0 -0.9186368297074818
78) 1 -8.267 -7.0 -0.9867345730230243
78) 2 -9.0 -6.267 -0.9995920432924422
78) 3 -8.267 -5.534000000000001 -0.4999236231974381
78) 4 -7.534 -4.801000000000001 0.4715885149984525
78) 5 -6.801 -4.068000000000001 0.9974944542581101
79) 0 4.0 -10.0 -0.9747394897226348
79) 1 4.0 -10.733 -0.8966889845724864
79) 2 4.0 -11.466000000000001 -0.41020853257987927
79) 3 4.0 -12.199000000000002 0.2683523490349475
79) 4 4.733 -12.199000000000002 0.4956791084371263
79) 5 5.465999999999999 -12.199000000000002 0.7182127787681679
79) 6 6.198999999999999 -12.199000000000002 0.8989265914176511
79) 7 6.931999999999999 -12.199000000000002 0.9943668022269918
80) 0 -10.0 -10.0 0.9999876561221204
81) 0 -2.0 5.0 -0.7820948988254615
81) 1 -2.733 5.733 0.06787088432476894
81) 2 -3.466 6.465999999999999 0.8690030041700909
81) 3 -3.466 7.198999999999999 0.9907751478872655
82) 0 0.0 8.0 0.9893582466233818
83) 0 -2.0 7.0 0.8398053526495963
83) 1 -1.267 7.733 0.9998402587822278
84) 0 8.0 -7.0 -0.9339707316330099
84) 1 8.0 -7.733 -0.991439782576177
84) 2 8.733 -8.466 -0.39252535406471184
84) 3 9.466000000000001 -9.199 0.5916691779547821
84) 4 9.466000000000001 -9.932 0.9144084367903546
85) 0 -4.0 7.0 0.9783888223346213
85) 1 -4.733 6.267 0.9999998553152674
86) 0 3.0 -4.0 -0.9589242746631385
86) 1 3.733 -3.267 -0.9693280698648559
86) 2 3.733 -2.534 -0.9799517306919349
86) 3 4.466 -1.8009999999999997 -0.9946917937478308
86) 4 5.199 -2.534 -0.47900632196737986
86) 5 5.9319999999999995 -3.267 0.469705461600212
86) 6 6.664999999999999 -4.0 0.9967367924865841
87) 0 0.0 0.0 0.0
87) 1 0.733 0.733 0.8606875370978796
87) 2 1.466 0.733 0.9976724522641727
88) 0 4.0 -4.0 -0.586176193003373
88) 1 4.733 -4.733 0.39887296864256583
88) 2 5.465999999999999 -5.465999999999999 0.9923354075871395
88) 3 6.198999999999999 -4.733 0.9985046644261882
89) 0 2.0 -5.0 -0.7820948988254615
89) 1 2.733 -5.733 0.06787088432476894
89) 2 3.466 -6.465999999999999 0.8690030041700909
89) 3 3.466 -7.198999999999999 0.9907751478872655
90) 0 7.0 9.0 -0.9186368297074818
90) 1 7.0 8.267 -0.9867345730230243
90) 2 6.267 9.0 -0.9995920432924422
90) 3 5.534000000000001 8.267 -0.4999236231974381
90) 4 4.801000000000001 7.534 0.4715885149984525
90) 5 4.068000000000001 6.801 0.9974944542581101
91) 0 -6.0 -10.0 -0.786095708473608
91) 1 -6.0 -10.733 -0.2668662962227178
91) 2 -6.733 -10.733 0.10350986879282673
91) 3 -7.465999999999999 -10.733 0.4864066592527414
91) 4 -8.199 -10.733 0.8075328342712086
91) 5 -8.932 -10.733 0.9849489775337643
92) 0 3.0 0.0 0.1411200080598672
92) 1 2.267 0.0 0.7672823307944543
92) 2 1.5339999999999998 0.0 0.9993230915484982
93) 0 -7.0 2.0 0.8398053526495963
93) 1 -7.733 1.267 0.9998402587822278
94) 0 5.0 6.0 0.9990439103118804
95) 0 6.0 4.0 0.8003730606575937
95) 1 6.733 4.0 0.999748584094609
96) 0 -6.0 1.0 -0.19908366251892284
96) 1 -6.733 1.733 0.6204104282231928
96) 2 -7.465999999999999 2.466 0.9999618506111997
97) 0 -10.0 2.0 -0.6984726873116567
97) 1 -9.267 1.267 0.07150471161791638
97) 2 -8.533999999999999 0.5339999999999999 0.7669580988728234
97) 3 -7.800999999999999 0.5339999999999999 0.9993971093441909
98) 0 2.0 0.0 0.9092974268256817
98) 1 1.267 0.733 0.9942765196361619
98) 2 0.5339999999999999 1.466 0.9999441577455805
99) 0 7.0 -6.0 0.2037957684966491
99) 1 6.267 -5.267 0.9452672228456307
99) 2 6.267 -4.534000000000001 0.9929470555204232
99) 3 7.0 -3.8010000000000006 0.9937993655941219
END
TOTAL TIME: 78677324
POINT TIME: 55385224
BEST: 7.0 -3.8010000000000006 0.9937993655941219
