-10
10
-10
10
1
0
0
0) 0 7.0 2.0 0.8398053526495963
1) 0 6.0 0.0 -0.27941549819892586
2) 0 7.0 9.0 -0.9186368297074818
3) 0 9.0 -6.0 -0.9840363888387289
4) 0 -5.0 3.0 -0.43697551727207756
5) 0 5.0 -4.0 0.11965157649377203
6) 0 -1.0 7.0 0.7088612918380416
7) 0 -9.0 -4.0 -0.41148230684214054
8) 0 7.0 -5.0 0.7328169085463447
9) 0 -3.0 3.0 -0.8916822544789358
10) 0 2.0 6.0 0.04135821352247398
11) 0 9.0 -1.0 0.36104927727853203
12) 0 3.0 4.0 -0.9589242746631385
13) 0 6.0 -3.0 0.4123377500596421
14) 0 3.0 7.0 0.9717622535057333
15) 0 -4.0 9.0 -0.41148230684214054
16) 0 7.0 2.0 0.8398053526495963
17) 0 -7.0 9.0 -0.9186368297074818
18) 0 -9.0 0.0 0.4121184852417566
19) 0 9.0 -1.0 0.36104927727853203
20) 0 2.0 -10.0 -0.6984726873116567
21) 0 -2.0 -7.0 0.8398053526495963
22) 0 8.0 4.0 0.4622279808582701
23) 0 5.0 3.0 -0.43697551727207756
24) 0 3.0 -5.0 -0.43697551727207756
25) 0 -8.0 -4.0 0.4622279808582701
26) 0 6.0 4.0 0.8003730606575937
27) 0 6.0 3.0 0.4123377500596421
28) 0 -4.0 4.0 -0.586176193003373
29) 0 -5.0 -3.0 -0.43697551727207756
30) 0 1.0 -8.0 0.9783888223346213
31) 0 3.0 -8.0 0.7712319401165738
32) 0 4.0 -5.0 0.11965157649377203
33) 0 3.0 -3.0 -0.8916822544789358
34) 0 4.0 6.0 0.8003730606575937
35) 0 -6.0 1.0 -0.19908366251892284
36) 0 5.0 -1.0 -0.9261848392897116
37) 0 -1.0 3.0 -0.020683531529582487
38) 0 -6.0 -2.0 0.04135821352247398
39) 0 2.0 -1.0 0.786749131547214
40) 0 -6.0 -5.0 0.9990439103118804
41) 0 7.0 7.0 -0.4570867375418006
42) 0 6.0 2.0 0.04135821352247398
43) 0 4.0 6.0 0.8003730606575937
44) 0 -4.0 -2.0 -0.9712777989606532
45) 0 3.0 8.0 0.7712319401165738
46) 0 -2.0 -4.0 -0.9712777989606532
47) 0 7.0 5.0 0.7328169085463447
48) 0 6.0 1.0 -0.19908366251892284
49) 0 -3.0 0.0 0.1411200080598672
50) 0 3.0 8.0 0.7712319401165738
51) 0 9.0 3.0 -0.06201520022829486
52) 0 0.0 -5.0 -0.9589242746631385
53) 0 4.0 -3.0 -0.9589242746631385
54) 0 4.0 0.0 -0.7568024953079282
55) 0 0.0 -4.0 -0.7568024953079282
56) 0 -2.0 6.0 0.04135821352247398
57) 0 6.0 -6.0 0.8072610908541349
58) 0 -8.0 1.0 0.9783888223346213
59) 0 -2.0 6.0 0.04135821352247398
60) 0 5.0 5.0 0.7088612918380416
61) 0 2.0 4.0 -0.9712777989606532
62) 0 -3.0 -4.0 -0.9589242746631385
63) 0 6.0 -10.0 -0.786095708473608
64) 0 9.0 6.0 -0.9840363888387289
65) 0 -3.0 7.0 0.9717622535057333
66) 0 9.0 0.0 0.4121184852417566
67) 0 9.0 4.0 -0.41148230684214054
68) 0 4.0 0.0 -0.7568024953079282
69) 0 1.0 -6.0 -0.19908366251892284
70) 0 6.0 4.0 0.8003730606575937
71) 0 -10.0 -10.0 0.9999876561221204
72) 0 -8.0 0.0 0.9893582466233818
73) 0 1.0 -8.0 0.9783888223346213
74) 0 2.0 -5.0 -0.7820948988254615
75) 0 8.0 8.0 -0.949820680215173
76) 0 -2.0 -9.0 0.2037957684966491
77) 0 -9.0 3.0 -0.06201520022829486
78) 0 9.0 7.0 -0.9186368297074818
79) 0 8.0 1.0 0.9783888223346213
80) 0 -3.0 -2.0 -0.44749175223692067
81) 0 -2.0 -3.0 -0.44749175223692067
82) 0 -1.0 6.0 -0.19908366251892284
83) 0 -6.0 -10.0 -0.786095708473608
84) 0 -7.0 0.0 0.6569865987187891
85) 0 -3.0 -2.0 -0.44749175223692067
86) 0 5.0 -7.0 0.7328169085463447
87) 0 3.0 -4.0 -0.9589242746631385
88) 0 7.0 9.0 -0.9186368297074818
89) 0 -7.0 5.0 0.7328169085463447
90) 0 -7.0 -10.0 -0.35210108504889737
91) 0 -8.0 4.0 0.4622279808582701
92) 0 -10.0 4.0 -0.9747394897226348
93) 0 4.0 1.0 -0.8313391791635062
94) 0 -3.0 7.0 0.9717622535057333
95) 0 2.0 -5.0 -0.7820948988254615
96) 0 -4.0 -1.0 -0.8313391791635062
97) 0 1.0 9.0 0.36104927727853203
98) 0 -3.0 1.0 -0.020683531529582487
99) 0 4.0 -9.0 -0.41148230684214054
100) 0 4.0 -3.0 -0.9589242746631385
101) 0 -4.0 -9.0 -0.41148230684214054
102) 0 0.0 9.0 0.4121184852417566
103) 0 8.0 1.0 0.9783888223346213
104) 0 0.0 0.0 0.0
105) 0 0.0 9.0 0.4121184852417566
106) 0 8.0 -3.0 0.7712319401165738
107) 0 8.0 4.0 0.4622279808582701
108) 0 -8.0 -2.0 0.9240590869570797
109) 0 -6.0 -7.0 0.2037957684966491
110) 0 5.0 3.0 -0.43697551727207756
111) 0 5.0 0.0 -0.9589242746631385
112) 0 -4.0 -8.0 0.4622279808582701
113) 0 7.0 -8.0 -0.9339707316330099
114) 0 -9.0 -7.0 -0.9186368297074818
115) 0 -1.0 3.0 -0.020683531529582487
116) 0 3.0 9.0 -0.06201520022829486
117) 0 9.0 1.0 0.36104927727853203
118) 0 9.0 6.0 -0.9840363888387289
119) 0 5.0 -9.0 -0.7648781678542789
120) 0 -5.0 7.0 0.7328169085463447
121) 0 -7.0 -7.0 -0.4570867375418006
122) 0 -7.0 -9.0 -0.9186368297074818
123) 0 9.0 6.0 -0.9840363888387289
124) 0 5.0 7.0 0.7328169085463447
125) 0 6.0 9.0 -0.9840363888387289
126) 0 -8.0 -6.0 -0.5440211108893698
127) 0 -3.0 -5.0 -0.43697551727207756
128) 0 0.0 -7.0 0.6569865987187891
129) 0 3.0 -3.0 -0.8916822544789358
130) 0 -9.0 8.0 -0.5010191903189258
131) 0 -1.0 -9.0 0.36104927727853203
132) 0 8.0 6.0 -0.5440211108893698
133) 0 -7.0 3.0 0.9717622535057333
134) 0 5.0 1.0 -0.9261848392897116
135) 0 5.0 5.0 0.7088612918380416
136) 0 -6.0 -7.0 0.2037957684966491
137) 0 -6.0 3.0 0.4123377500596421
138) 0 3.0 8.0 0.7712319401165738
139) 0 -3.0 -1.0 -0.020683531529582487
140) 0 8.0 6.0 -0.5440211108893698
141) 0 8.0 8.0 -0.949820680215173
142) 0 -7.0 -9.0 -0.9186368297074818
143) 0 -8.0 8.0 -0.949820680215173
144) 0 2.0 -4.0 -0.9712777989606532
145) 0 5.0 -3.0 -0.43697551727207756
146) 0 9.0 6.0 -0.9840363888387289
147) 0 2.0 7.0 0.8398053526495963
148) 0 3.0 4.0 -0.9589242746631385
149) 0 -10.0 -3.0 -0.8497593056327711
150) 0 -2.0 7.0 0.8398053526495963
151) 0 -3.0 -7.0 0.9717622535057333
152) 0 9.0 -6.0 -0.9840363888387289
153) 0 2.0 9.0 0.2037957684966491
154) 0 -7.0 -10.0 -0.35210108504889737
155) 0 0.0 -7.0 0.6569865987187891
156) 0 4.0 8.0 0.4622279808582701
157) 0 3.0 -3.0 -0.8916822544789358
158) 0 1.0 5.0 -0.9261848392897116
159) 0 5.0 0.0 -0.9589242746631385
160) 0 -1.0 -4.0 -0.8313391791635062
161) 0 0.0 -1.0 0.8414709848078965
162) 0 -8.0 7.0 -0.9339707316330099
163) 0 -8.0 4.0 0.4622279808582701
164) 0 9.0 1.0 0.36104927727853203
165) 0 -6.0 6.0 0.8072610908541349
166) 0 5.0 -2.0 -0.7820948988254615
167) 0 -4.0 -2.0 -0.9712777989606532
168) 0 0.0 2.0 0.9092974268256817
169) 0 0.0 4.0 -0.7568024953079282
170) 0 -8.0 1.0 0.9783888223346213
171) 0 -7.0 -9.0 -0.9186368297074818
172) 0 -5.0 -3.0 -0.43697551727207756
173) 0 -6.0 -2.0 0.04135821352247398
174) 0 3.0 8.0 0.7712319401165738
175) 0 9.0 -3.0 -0.06201520022829486
176) 0 7.0 -6.0 0.2037957684966491
177) 0 -3.0 3.0 -0.8916822544789358
178) 0 2.0 -3.0 -0.44749175223692067
179) 0 0.0 -3.0 0.1411200080598672
180) 0 -5.0 5.0 0.7088612918380416
181) 0 0.0 -10.0 -0.5440211108893698
182) 0 -10.0 2.0 -0.6984726873116567
183) 0 2.0 3.0 -0.44749175223692067
184) 0 0.0 9.0 0.4121184852417566
185) 0 -4.0 1.0 -0.8313391791635062
186) 0 7.0 -10.0 -0.35210108504889737
187) 0 9.0 1.0 0.36104927727853203
188) 0 3.0 -7.0 0.9717622535057333
189) 0 1.0 -10.0 -0.5851764690934534
190) 0 1.0 -10.0 -0.5851764690934534
191) 0 7.0 -2.0 0.8398053526495963
192) 0 -10.0 -4.0 -0.9747394897226348
193) 0 -2.0 -5.0 -0.7820948988254615
194) 0 -6.0 5.0 0.9990439103118804
195) 0 -2.0 -10.0 -0.6984726873116567
196) 0 -2.0 5.0 -0.7820948988254615
197) 0 0.0 -10.0 -0.5440211108893698
198) 0 -4.0 -7.0 0.9783888223346213
199) 0 -6.0 -1.0 -0.19908366251892284
200) 0 5.0 -9.0 -0.7648781678542789
201) 0 -1.0 -5.0 -0.9261848392897116
202) 0 -5.0 5.0 0.7088612918380416
203) 0 1.0 -6.0 -0.19908366251892284
204) 0 -5.0 -8.0 -0.009203041372185148
205) 0 4.0 0.0 -0.7568024953079282
206) 0 -6.0 -5.0 0.9990439103118804
207) 0 1.0 2.0 0.786749131547214
208) 0 3.0 -6.0 0.4123377500596421
209) 0 0.0 -10.0 -0.5440211108893698
210) 0 0.0 8.0 0.9893582466233818
211) 0 -6.0 7.0 0.2037957684966491
212) 0 -3.0 -2.0 -0.44749175223692067
213) 0 -1.0 -3.0 -0.020683531529582487
214) 0 5.0 -9.0 -0.7648781678542789
215) 0 0.0 2.0 0.9092974268256817
216) 0 -1.0 -10.0 -0.5851764690934534
217) 0 -7.0 4.0 0.9783888223346213
218) 0 4.0 6.0 0.8003730606575937
219) 0 -9.0 7.0 -0.9186368297074818
220) 0 -3.0 0.0 0.1411200080598672
221) 0 8.0 6.0 -0.5440211108893698
222) 0 3.0 0.0 0.1411200080598672
223) 0 -1.0 6.0 -0.19908366251892284
224) 0 -3.0 0.0 0.1411200080598672
225) 0 -5.0 -7.0 0.7328169085463447
226) 0 1.0 0.0 0.8414709848078965
227) 0 9.0 5.0 -0.7648781678542789
228) 0 8.0 -8.0 -0.949820680215173
229) 0 5.0 8.0 -0.009203041372185148
230) 0 -7.0 -7.0 -0.4570867375418006
231) 0 3.0 -9.0 -0.06201520022829486
232) 0 3.0 9.0 -0.06201520022829486
233) 0 -7.0 6.0 0.2037957684966491
234) 0 -3.0 -4.0 -0.9589242746631385
235) 0 -2.0 -6.0 0.04135821352247398
236) 0 -4.0 -3.0 -0.9589242746631385
237) 0 5.0 -5.0 0.7088612918380416
238) 0 0.0 -9.0 0.4121184852417566
239) 0 6.0 3.0 0.4123377500596421
240) 0 -9.0 4.0 -0.41148230684214054
241) 0 -7.0 -9.0 -0.9186368297074818
242) 0 3.0 4.0 -0.9589242746631385
243) 0 8.0 1.0 0.9783888223346213
244) 0 -5.0 -3.0 -0.43697551727207756
245) 0 -2.0 -1.0 0.786749131547214
246) 0 -10.0 -1.0 -0.5851764690934534
247) 0 -3.0 2.0 -0.44749175223692067
248) 0 -9.0 -2.0 0.2037957684966491
249) 0 -8.0 -2.0 0.9240590869570797
250) 0 9.0 -3.0 -0.06201520022829486
251) 0 9.0 6.0 -0.9840363888387289
252) 0 -9.0 -4.0 -0.41148230684214054
253) 0 9.0 7.0 -0.9186368297074818
254) 0 -3.0 0.0 0.1411200080598672
255) 0 -4.0 -4.0 -0.586176193003373
256) 0 -6.0 6.0 0.8072610908541349
257) 0 -6.0 -4.0 0.8003730606575937
258) 0 7.0 -8.0 -0.9339707316330099
259) 0 1.0 -7.0 0.7088612918380416
260) 0 -7.0 -5.0 0.7328169085463447
261) 0 6.0 -10.0 -0.786095708473608
262) 0 6.0 0.0 -0.27941549819892586
263) 0 -9.0 6.0 -0.9840363888387289
264) 0 -10.0 3.0 -0.8497593056327711
265) 0 9.0 5.0 -0.7648781678542789
266) 0 6.0 -1.0 -0.19908366251892284
267) 0 1.0 8.0 0.9783888223346213
268) 0 -1.0 -6.0 -0.19908366251892284
269) 0 -8.0 -4.0 0.4622279808582701
270) 0 -8.0 -4.0 0.4622279808582701
271) 0 -8.0 -8.0 -0.949820680215173
272) 0 2.0 5.0 -0.7820948988254615
273) 0 8.0 -8.0 -0.949820680215173
274) 0 -6.0 3.0 0.4123377500596421
275) 0 0.0 5.0 -0.9589242746631385
276) 0 -8.0 -6.0 -0.5440211108893698
277) 0 -9.0 -10.0 0.7753400962492819
278) 0 8.0 -2.0 0.9240590869570797
279) 0 -1.0 3.0 -0.020683531529582487
280) 0 -8.0 -2.0 0.9240590869570797
281) 0 7.0 -8.0 -0.9339707316330099
282) 0 -2.0 7.0 0.8398053526495963
283) 0 -3.0 5.0 -0.43697551727207756
284) 0 -1.0 3.0 -0.020683531529582487
285) 0 -6.0 9.0 -0.9840363888387289
286) 0 6.0 3.0 0.4123377500596421
287) 0 -4.0 -2.0 -0.9712777989606532
288) 0 7.0 -4.0 0.9783888223346213
289) 0 -2.0 5.0 -0.7820948988254615
290) 0 -7.0 -7.0 -0.4570867375418006
291) 0 -6.0 0.0 -0.27941549819892586
292) 0 -5.0 1.0 -0.9261848392897116
293) 0 3.0 -9.0 -0.06201520022829486
294) 0 -7.0 -6.0 0.2037957684966491
295) 0 -1.0 6.0 -0.19908366251892284
296) 0 -8.0 4.0 0.4622279808582701
297) 0 0.0 -4.0 -0.7568024953079282
298) 0 5.0 -2.0 -0.7820948988254615
299) 0 -3.0 2.0 -0.44749175223692067
300) 0 -7.0 1.0 0.7088612918380416
301) 0 2.0 5.0 -0.7820948988254615
302) 0 3.0 6.0 0.4123377500596421
303) 0 -8.0 0.0 0.9893582466233818
304) 0 -6.0 -9.0 -0.9840363888387289
305) 0 -7.0 7.0 -0.4570867375418006
306) 0 1.0 -6.0 -0.19908366251892284
307) 0 -4.0 -10.0 -0.9747394897226348
308) 0 -7.0 -9.0 -0.9186368297074818
309) 0 6.0 -1.0 -0.19908366251892284
310) 0 -4.0 -5.0 0.11965157649377203
311) 0 -8.0 -10.0 0.2375839859261567
312) 0 9.0 5.0 -0.7648781678542789
313) 0 5.0 -9.0 -0.7648781678542789
314) 0 5.0 2.0 -0.7820948988254615
315) 0 4.0 7.0 0.9783888223346213
316) 0 4.0 -4.0 -0.586176193003373
317) 0 3.0 9.0 -0.06201520022829486
318) 0 5.0 -10.0 -0.9829793407063873
319) 0 2.0 3.0 -0.44749175223692067
320) 0 -9.0 -10.0 0.7753400962492819
321) 0 9.0 8.0 -0.5010191903189258
322) 0 6.0 8.0 -0.5440211108893698
323) 0 -4.0 7.0 0.9783888223346213
324) 0 -3.0 -2.0 -0.44749175223692067
325) 0 7.0 5.0 0.7328169085463447
326) 0 -9.0 8.0 -0.5010191903189258
327) 0 0.0 -5.0 -0.9589242746631385
328) 0 -6.0 4.0 0.8003730606575937
329) 0 -8.0 4.0 0.4622279808582701
330) 0 -7.0 -4.0 0.9783888223346213
331) 0 2.0 -3.0 -0.44749175223692067
332) 0 6.0 4.0 0.8003730606575937
333) 0 -4.0 -3.0 -0.9589242746631385
334) 0 -10.0 0.0 -0.5440211108893698
335) 0 -8.0 0.0 0.9893582466233818
336) 0 -7.0 4.0 0.9783888223346213
337) 0 9.0 -2.0 0.2037957684966491
338) 0 6.0 -7.0 0.2037957684966491
339) 0 -1.0 1.0 0.9877659459927356
340) 0 8.0 8.0 -0.949820680215173
341) 0 2.0 -5.0 -0.7820948988254615
342) 0 9.0 9.0 0.16084964506716973
343) 0 -5.0 5.0 0.7088612918380416
344) 0 -9.0 -6.0 -0.9840363888387289
345) 0 -4.0 9.0 -0.41148230684214054
346) 0 4.0 -1.0 -0.8313391791635062
347) 0 1.0 1.0 0.9877659459927356
348) 0 9.0 -3.0 -0.06201520022829486
349) 0 -7.0 6.0 0.2037957684966491
350) 0 2.0 9.0 0.2037957684966491
351) 0 6.0 -5.0 0.9990439103118804
352) 0 -1.0 9.0 0.36104927727853203
353) 0 8.0 -4.0 0.4622279808582701
354) 0 -9.0 -4.0 -0.41148230684214054
355) 0 8.0 3.0 0.7712319401165738
356) 0 -6.0 4.0 0.8003730606575937
357) 0 3.0 5.0 -0.43697551727207756
358) 0 -8.0 9.0 -0.5010191903189258
359) 0 -2.0 8.0 0.9240590869570797
360) 0 3.0 7.0 0.9717622535057333
361) 0 -2.0 9.0 0.2037957684966491
362) 0 -1.0 7.0 0.7088612918380416
363) 0 -8.0 1.0 0.9783888223346213
364) 0 3.0 3.0 -0.8916822544789358
365) 0 -5.0 5.0 0.7088612918380416
366) 0 6.0 -7.0 0.2037957684966491
367) 0 9.0 -2.0 0.2037957684966491
368) 0 -1.0 -7.0 0.7088612918380416
369) 0 1.0 9.0 0.36104927727853203
370) 0 0.0 6.0 -0.27941549819892586
371) 0 -5.0 -6.0 0.9990439103118804
372) 0 -7.0 1.0 0.7088612918380416
373) 0 6.0 -1.0 -0.19908366251892284
374) 0 -2.0 9.0 0.2037957684966491
375) 0 0.0 6.0 -0.27941549819892586
376) 0 -5.0 6.0 0.9990439103118804
377) 0 -10.0 -2.0 -0.6984726873116567
378) 0 -1.0 -8.0 0.9783888223346213
379) 0 7.0 -4.0 0.9783888223346213
380) 0 0.0 -8.0 0.9893582466233818
381) 0 5.0 7.0 0.7328169085463447
382) 0 -3.0 2.0 -0.44749175223692067
383) 0 5.0 -3.0 -0.43697551727207756
384) 0 -9.0 -4.0 -0.41148230684214054
385) 0 -10.0 4.0 -0.9747394897226348
386) 0 -10.0 1.0 -0.5851764690934534
387) 0 -5.0 4.0 0.11965157649377203
388) 0 -10.0 0.0 -0.5440211108893698
389) 0 -9.0 7.0 -0.9186368297074818
390) 0 -7.0 2.0 0.8398053526495963
391) 0 4.0 9.0 -0.41148230684214054
392) 0 6.0 -8.0 -0.5440211108893698
393) 0 3.0 -7.0 0.9717622535057333
394) 0 4.0 2.0 -0.9712777989606532
395) 0 9.0 -3.0 -0.06201520022829486
396) 0 -7.0 8.0 -0.9339707316330099
397) 0 8.0 -7.0 -0.9339707316330099
398) 0 7.0 8.0 -0.9339707316330099
399) 0 8.0 6.0 -0.5440211108893698
400) 0 -10.0 9.0 0.7753400962492819
401) 0 -3.0 6.0 0.4123377500596421
402) 0 2.0 -1.0 0.786749131547214
403) 0 3.0 -9.0 -0.06201520022829486
404) 0 1.0 5.0 -0.9261848392897116
405) 0 -8.0 6.0 -0.5440211108893698
406) 0 -1.0 -7.0 0.7088612918380416
407) 0 -1.0 -6.0 -0.19908366251892284
408) 0 6.0 0.0 -0.27941549819892586
409) 0 -7.0 -10.0 -0.35210108504889737
410) 0 -2.0 -1.0 0.786749131547214
411) 0 0.0 -3.0 0.1411200080598672
412) 0 -1.0 -5.0 -0.9261848392897116
413) 0 -3.0 2.0 -0.44749175223692067
414) 0 3.0 -7.0 0.9717622535057333
415) 0 -3.0 -10.0 -0.8497593056327711
416) 0 6.0 -2.0 0.04135821352247398
417) 0 7.0 1.0 0.7088612918380416
418) 0 6.0 -3.0 0.4123377500596421
419) 0 9.0 -1.0 0.36104927727853203
420) 0 -2.0 3.0 -0.44749175223692067
421) 0 8.0 -7.0 -0.9339707316330099
422) 0 -1.0 -9.0 0.36104927727853203
423) 0 3.0 8.0 0.7712319401165738
424) 0 -3.0 -8.0 0.7712319401165738
425) 0 7.0 -4.0 0.9783888223346213
426) 0 -9.0 3.0 -0.06201520022829486
427) 0 7.0 6.0 0.2037957684966491
428) 0 9.0 -6.0 -0.9840363888387289
429) 0 -4.0 -7.0 0.9783888223346213
430) 0 0.0 -4.0 -0.7568024953079282
431) 0 -1.0 6.0 -0.19908366251892284
432) 0 0.0 -5.0 -0.9589242746631385
433) 0 5.0 -10.0 -0.9829793407063873
434) 0 -9.0 -6.0 -0.9840363888387289
435) 0 0.0 0.0 0.0
436) 0 5.0 -3.0 -0.43697551727207756
437) 0 -7.0 3.0 0.9717622535057333
438) 0 3.0 -1.0 -0.020683531529582487
439) 0 -2.0 -8.0 0.9240590869570797
440) 0 -3.0 4.0 -0.9589242746631385
441) 0 2.0 8.0 0.9240590869570797
442) 0 0.0 0.0 0.0
443) 0 -2.0 -7.0 0.8398053526495963
444) 0 -10.0 8.0 0.2375839859261567
445) 0 -10.0 3.0 -0.8497593056327711
446) 0 -2.0 3.0 -0.44749175223692067
447) 0 -10.0 -7.0 -0.35210108504889737
448) 0 7.0 2.0 0.8398053526495963
449) 0 5.0 -4.0 0.11965157649377203
450) 0 -1.0 7.0 0.7088612918380416
451) 0 -10.0 8.0 0.2375839859261567
452) 0 -3.0 -3.0 -0.8916822544789358
453) 0 -1.0 5.0 -0.9261848392897116
454) 0 -5.0 0.0 -0.9589242746631385
455) 0 2.0 4.0 -0.9712777989606532
456) 0 -2.0 -4.0 -0.9712777989606532
457) 0 9.0 9.0 0.16084964506716973
458) 0 4.0 5.0 0.11965157649377203
459) 0 8.0 -4.0 0.4622279808582701
460) 0 2.0 -1.0 0.786749131547214
461) 0 -4.0 -3.0 -0.9589242746631385
462) 0 3.0 -10.0 -0.8497593056327711
463) 0 2.0 -4.0 -0.9712777989606532
464) 0 6.0 8.0 -0.5440211108893698
465) 0 2.0 0.0 0.9092974268256817
466) 0 -10.0 -9.0 0.7753400962492819
467) 0 -7.0 -8.0 -0.9339707316330099
468) 0 9.0 -4.0 -0.41148230684214054
469) 0 6.0 -9.0 -0.9840363888387289
470) 0 8.0 -9.0 -0.5010191903189258
471) 0 1.0 0.0 0.8414709848078965
472) 0 -2.0 3.0 -0.44749175223692067
473) 0 7.0 -7.0 -0.4570867375418006
474) 0 -2.0 -5.0 -0.7820948988254615
475) 0 5.0 5.0 0.7088612918380416
476) 0 -1.0 0.0 0.8414709848078965
477) 0 -6.0 -10.0 -0.786095708473608
478) 0 4.0 4.0 -0.586176193003373
479) 0 4.0 -5.0 0.11965157649377203
480) 0 9.0 9.0 0.16084964506716973
481) 0 -5.0 -7.0 0.7328169085463447
482) 0 8.0 2.0 0.9240590869570797
483) 0 -1.0 1.0 0.9877659459927356
484) 0 0.0 1.0 0.8414709848078965
485) 0 -1.0 -9.0 0.36104927727853203
486) 0 1.0 -8.0 0.9783888223346213
487) 0 7.0 7.0 -0.4570867375418006
488) 0 1.0 9.0 0.36104927727853203
489) 0 7.0 -4.0 0.9783888223346213
490) 0 2.0 4.0 -0.9712777989606532
491) 0 -7.0 -2.0 0.8398053526495963
492) 0 5.0 -4.0 0.11965157649377203
493) 0 3.0 2.0 -0.44749175223692067
494) 0 0.0 -7.0 0.6569865987187891
495) 0 7.0 6.0 0.2037957684966491
496) 0 -4.0 -2.0 -0.9712777989606532
497) 0 8.0 -7.0 -0.9339707316330099
498) 0 -3.0 -2.0 -0.44749175223692067
499) 0 0.0 5.0 -0.9589242746631385
END
TOTAL TIME: 127066618
POINT TIME: 86565631
BEST: -10.0 -10.0 0.9999876561221204
