-10
10
-10
10
0
0
0
0) 0 -4.0 8.0 0.4622279808582701
0) 1 -3.467 7.467 0.9291655560532518
0) 2 -3.467 6.933999999999999 0.9948498546387456
1) 0 5.0 -1.0 -0.9261848392897116
1) 1 4.467 -1.0 -0.9909248253697196
1) 2 4.467 -1.533 -0.9999465328479222
1) 3 5.0 -2.066 -0.7663638276501206
1) 4 4.467 -2.066 -0.9781887836586364
1) 5 3.9339999999999997 -2.5989999999999998 -0.9999966100923515
1) 6 4.467 -3.1319999999999997 -0.7363032228724423
1) 7 3.9339999999999997 -3.1319999999999997 -0.9504525768710043
1) 8 3.401 -3.1319999999999997 -0.9960469118439551
1) 9 3.9339999999999997 -2.5989999999999998 -0.9999966100923515
1) 10 4.467 -3.1319999999999997 -0.7363032228724423
1) 11 3.9339999999999997 -3.1319999999999997 -0.9504525768710043
1) 12 3.401 -3.1319999999999997 -0.9960469118439551
1) 13 3.9339999999999997 -2.5989999999999998 -0.9999966100923515
1) 14 4.467 -3.1319999999999997 -0.7363032228724423
1) 15 3.9339999999999997 -3.1319999999999997 -0.9504525768710043
1) 16 3.401 -3.1319999999999997 -0.9960469118439551
1) 17 3.9339999999999997 -2.5989999999999998 -0.9999966100923515
1) 18 4.467 -3.1319999999999997 -0.7363032228724423
1) 19 3.9339999999999997 -3.1319999999999997 -0.9504525768710043
1) 20 3.401 -3.1319999999999997 -0.9960469118439551
1) 21 3.9339999999999997 -2.5989999999999998 -0.9999966100923515
1) 22 4.467 -3.1319999999999997 -0.7363032228724423
1) 23 3.9339999999999997 -3.1319999999999997 -0.9504525768710043
1) 24 3.401 -3.1319999999999997 -0.9960469118439551
1) 25 3.9339999999999997 -2.5989999999999998 -0.9999966100923515
1) 26 4.467 -3.1319999999999997 -0.7363032228724423
1) 27 3.9339999999999997 -3.1319999999999997 -0.9504525768710043
1) 28 3.401 -3.1319999999999997 -0.9960469118439551
1) 29 3.9339999999999997 -2.5989999999999998 -0.9999966100923515
1) 30 4.467 -3.1319999999999997 -0.7363032228724423
1) 31 3.9339999999999997 -3.1319999999999997 -0.9504525768710043
1) 32 3.401 -3.1319999999999997 -0.9960469118439551
1) 33 3.9339999999999997 -2.5989999999999998 -0.9999966100923515
1) 34 4.467 -3.1319999999999997 -0.7363032228724423
1) 35 3.9339999999999997 -3.1319999999999997 -0.9504525768710043
1) 36 3.401 -3.1319999999999997 -0.9960469118439551
1) 37 3.9339999999999997 -2.5989999999999998 -0.9999966100923515
1) 38 4.467 -3.1319999999999997 -0.7363032228724423
1) 39 3.9339999999999997 -3.1319999999999997 -0.9504525768710043
1) 40 3.401 -3.1319999999999997 -0.9960469118439551
1) 41 3.9339999999999997 -2.5989999999999998 -0.9999966100923515
1) 42 4.467 -3.1319999999999997 -0.7363032228724423
1) 43 3.9339999999999997 -3.1319999999999997 -0.9504525768710043
1) 44 3.401 -3.1319999999999997 -0.9960469118439551
1) 45 3.9339999999999997 -2.5989999999999998 -0.9999966100923515
1) 46 4.467 -3.1319999999999997 -0.7363032228724423
1) 47 3.9339999999999997 -3.1319999999999997 -0.9504525768710043
1) 48 3.401 -3.1319999999999997 -0.9960469118439551
1) 49 3.9339999999999997 -2.5989999999999998 -0.9999966100923515
2) 0 -10.0 -10.0 0.9999876561221204
3) 0 3.0 2.0 -0.44749175223692067
3) 1 2.467 1.467 0.26805156571398403
3) 2 1.9340000000000002 0.934 0.8381432183060843
3) 3 1.4010000000000002 0.934 0.9936227283791758
4) 0 -7.0 7.0 -0.4570867375418006
4) 1 -6.467 6.467 0.2754510317693252
4) 2 -5.933999999999999 5.933999999999999 0.8587548903893489
4) 3 -5.933999999999999 5.400999999999999 0.9855966168471806
5) 0 -8.0 3.0 0.7712319401165738
5) 1 -7.467 2.467 0.9999500189418271
6) 0 -1.0 6.0 -0.19908366251892284
6) 1 -1.533 6.533 0.4143855764424443
6) 2 -2.066 7.066000000000001 0.881323691791668
6) 3 -2.066 7.599000000000001 0.9997824033365729
7) 0 2.0 2.0 0.30807174236304485
7) 1 1.467 1.467 0.8757278750038736
7) 2 1.467 0.934 0.9858714839715899
7) 3 1.467 0.401 0.9987513862512833
8) 0 -8.0 2.0 0.9240590869570797
8) 1 -7.467 2.533 0.9995210258979182
9) 0 -2.0 -3.0 -0.44749175223692067
9) 1 -1.467 -2.467 0.26805156571398403
9) 2 -0.934 -1.9340000000000002 0.8381432183060843
9) 3 -0.934 -1.4010000000000002 0.9936227283791758
10) 0 6.0 -6.0 0.8072610908541349
10) 1 5.467 -5.467 0.9925091746789311
10) 2 6.0 -4.933999999999999 0.9963198383347106
10) 3 6.533 -4.400999999999999 0.9997325100905052
11) 0 -10.0 4.0 -0.9747394897226348
11) 1 -10.533 4.0 -0.9634039106996384
11) 2 -10.533 3.467 -0.9956463202835052
11) 3 -10.533 2.934 -0.9981051528568974
11) 4 -10.0 2.934 -0.839713452347935
11) 5 -10.533 2.934 -0.9981051528568974
11) 6 -10.0 2.934 -0.839713452347935
11) 7 -10.533 2.934 -0.9981051528568974
11) 8 -10.0 2.934 -0.839713452347935
11) 9 -10.533 2.934 -0.9981051528568974
11) 10 -10.0 2.934 -0.839713452347935
11) 11 -10.533 2.934 -0.9981051528568974
11) 12 -10.0 2.934 -0.839713452347935
11) 13 -10.533 2.934 -0.9981051528568974
11) 14 -10.0 2.934 -0.839713452347935
11) 15 -10.533 2.934 -0.9981051528568974
11) 16 -10.0 2.934 -0.839713452347935
11) 17 -10.533 2.934 -0.9981051528568974
11) 18 -10.0 2.934 -0.839713452347935
11) 19 -10.533 2.934 -0.9981051528568974
11) 20 -10.0 2.934 -0.839713452347935
11) 21 -10.533 2.934 -0.9981051528568974
11) 22 -10.0 2.934 -0.839713452347935
11) 23 -10.533 2.934 -0.9981051528568974
11) 24 -10.0 2.934 -0.839713452347935
11) 25 -10.533 2.934 -0.9981051528568974
11) 26 -10.0 2.934 -0.839713452347935
11) 27 -10.533 2.934 -0.9981051528568974
11) 28 -10.0 2.934 -0.839713452347935
11) 29 -10.533 2.934 -0.9981051528568974
11) 30 -10.0 2.934 -0.839713452347935
11) 31 -10.533 2.934 -0.9981051528568974
11) 32 -10.0 2.934 -0.839713452347935
11) 33 -10.533 2.934 -0.9981051528568974
11) 34 -10.0 2.934 -0.839713452347935
11) 35 -10.533 2.934 -0.9981051528568974
11) 36 -10.0 2.934 -0.839713452347935
11) 37 -10.533 2.934 -0.9981051528568974
11) 38 -10.0 2.934 -0.839713452347935
11) 39 -10.533 2.934 -0.9981051528568974
11) 40 -10.0 2.934 -0.839713452347935
11) 41 -10.533 2.934 -0.9981051528568974
11) 42 -10.0 2.934 -0.839713452347935
11) 43 -10.533 2.934 -0.9981051528568974
11) 44 -10.0 2.934 -0.839713452347935
11) 45 -10.533 2.934 -0.9981051528568974
11) 46 -10.0 2.934 -0.839713452347935
11) 47 -10.533 2.934 -0.9981051528568974
11) 48 -10.0 2.934 -0.839713452347935
11) 49 -10.533 2.934 -0.9981051528568974
12) 0 -6.0 -4.0 0.8003730606575937
12) 1 -6.533 -4.533 0.9952376667786823
12) 2 -6.0 -5.066000000000001 0.9999991339414862
13) 0 1.0 7.0 0.7088612918380416
13) 1 1.533 7.533 0.9861579734693949
13) 2 2.066 7.533 0.9990839088745622
14) 0 2.0 -10.0 -0.6984726873116567
14) 1 2.0 -10.533 -0.9625944085112379
14) 2 2.0 -11.065999999999999 -0.9689848171389286
14) 3 2.0 -11.598999999999998 -0.7147068579782366
14) 4 2.0 -12.131999999999998 -0.26733124190615104
14) 5 2.0 -12.664999999999997 0.25279934590635916
14) 6 2.533 -12.664999999999997 0.34237716721736117
14) 7 3.066 -12.664999999999997 0.44794125598575846
14) 8 3.5989999999999998 -12.664999999999997 0.5646960943497213
14) 9 4.132 -12.664999999999997 0.6857459404452285
14) 10 4.665 -12.664999999999997 0.8018951555599867
14) 11 5.198 -12.664999999999997 0.9017599133706834
14) 12 5.731000000000001 -12.664999999999997 0.972315849108491
14) 13 6.264000000000001 -12.664999999999997 0.9999698310434041
15) 0 -1.0 -9.0 0.36104927727853203
15) 1 -0.46699999999999997 -8.467 0.8104436137308336
15) 2 0.06600000000000006 -7.934 0.9967782584541707
16) 0 2.0 -8.0 0.9240590869570797
16) 1 2.533 -7.467 0.9995210258979182
17) 0 -1.0 6.0 -0.19908366251892284
17) 1 -1.533 6.533 0.4143855764424443
17) 2 -2.066 7.066000000000001 0.881323691791668
17) 3 -2.066 7.599000000000001 0.9997824033365729
18) 0 -7.0 -10.0 -0.35210108504889737
18) 1 -7.0 -10.533 0.0804427452907065
18) 2 -7.533 -10.533 0.37384727918221405
18) 3 -8.066 -10.533 0.6444441083072235
18) 4 -8.599 -10.533 0.857783183789748
18) 5 -9.132 -10.533 0.9807231182932351
18) 6 -9.665 -10.533 0.9875190789962088
19) 0 -7.0 -3.0 0.9717622535057333
19) 1 -7.0 -3.533 0.9999164072910056
20) 0 2.0 3.0 -0.44749175223692067
20) 1 1.467 2.467 0.26805156571398403
20) 2 0.934 1.9340000000000002 0.8381432183060843
20) 3 0.934 1.4010000000000002 0.9936227283791758
21) 0 0.0 -7.0 0.6569865987187891
21) 1 0.533 -7.533 0.9546992475351649
21) 2 0.0 -8.066 0.9776081744791054
22) 0 -6.0 6.0 0.8072610908541349
22) 1 -5.467 5.467 0.9925091746789311
22) 2 -4.933999999999999 6.0 0.9963198383347106
22) 3 -4.400999999999999 6.533 0.9997325100905052
23) 0 8.0 -6.0 -0.5440211108893698
23) 1 7.467 -5.467 0.16954107778251107
23) 2 6.933999999999999 -4.933999999999999 0.7922618575694959
23) 3 6.400999999999999 -4.400999999999999 0.9963046287878826
23) 4 6.933999999999999 -3.867999999999999 0.9963125408415431
24) 0 0.0 -3.0 0.1411200080598672
24) 1 0.0 -2.467 0.6245792467175791
24) 2 0.0 -1.9340000000000002 0.9347634512917475
24) 3 0.533 -1.4010000000000002 0.9974210939971624
25) 0 -4.0 1.0 -0.8313391791635062
25) 1 -4.533 1.0 -0.9975231501957461
25) 2 -4.0 0.46699999999999997 -0.7742797619871293
25) 3 -4.533 0.46699999999999997 -0.9879501995207722
25) 4 -4.533 1.0 -0.9975231501957461
25) 5 -4.0 0.46699999999999997 -0.7742797619871293
25) 6 -4.533 0.46699999999999997 -0.9879501995207722
25) 7 -4.533 1.0 -0.9975231501957461
25) 8 -4.0 0.46699999999999997 -0.7742797619871293
25) 9 -4.533 0.46699999999999997 -0.9879501995207722
25) 10 -4.533 1.0 -0.9975231501957461
25) 11 -4.0 0.46699999999999997 -0.7742797619871293
25) 12 -4.533 0.46699999999999997 -0.9879501995207722
25) 13 -4.533 1.0 -0.9975231501957461
25) 14 -4.0 0.46699999999999997 -0.7742797619871293
25) 15 -4.533 0.46699999999999997 -0.9879501995207722
25) 16 -4.533 1.0 -0.9975231501957461
25) 17 -4.0 0.46699999999999997 -0.7742797619871293
25) 18 -4.533 0.46699999999999997 -0.9879501995207722
25) 19 -4.533 1.0 -0.9975231501957461
25) 20 -4.0 0.46699999999999997 -0.7742797619871293
25) 21 -4.533 0.46699999999999997 -0.9879501995207722
25) 22 -4.533 1.0 -0.9975231501957461
25) 23 -4.0 0.46699999999999997 -0.7742797619871293
25) 24 -4.533 0.46699999999999997 -0.9879501995207722
25) 25 -4.533 1.0 -0.9975231501957461
25) 26 -4.0 0.46699999999999997 -0.7742797619871293
25) 27 -4.533 0.46699999999999997 -0.9879501995207722
25) 28 -4.533 1.0 -0.9975231501957461
25) 29 -4.0 0.46699999999999997 -0.7742797619871293
25) 30 -4.533 0.46699999999999997 -0.9879501995207722
25) 31 -4.533 1.0 -0.9975231501957461
25) 32 -4.0 0.46699999999999997 -0.7742797619871293
25) 33 -4.533 0.46699999999999997 -0.9879501995207722
25) 34 -4.533 1.0 -0.9975231501957461
25) 35 -4.0 0.46699999999999997 -0.7742797619871293
25) 36 -4.533 0.46699999999999997 -0.9879501995207722
25) 37 -4.533 1.0 -0.9975231501957461
25) 38 -4.0 0.46699999999999997 -0.7742797619871293
25) 39 -4.533 0.46699999999999997 -0.9879501995207722
25) 40 -4.533 1.0 -0.9975231501957461
25) 41 -4.0 0.46699999999999997 -0.7742797619871293
25) 42 -4.533 0.46699999999999997 -0.9879501995207722
25) 43 -4.533 1.0 -0.9975231501957461
25) 44 -4.0 0.46699999999999997 -0.7742797619871293
25) 45 -4.533 0.46699999999999997 -0.9879501995207722
25) 46 -4.533 1.0 -0.9975231501957461
25) 47 -4.0 0.46699999999999997 -0.7742797619871293
25) 48 -4.533 0.46699999999999997 -0.9879501995207722
25) 49 -4.533 1.0 -0.9975231501957461
26) 0 -9.0 -9.0 0.16084964506716973
26) 1 -9.533 -9.533 0.7927621140898147
27) 0 -9.0 -6.0 -0.9840363888387289
27) 1 -9.0 -6.533 -0.9921250971434188
27) 2 -8.467 -7.066000000000001 -0.9994718883239303
27) 3 -7.934 -7.599000000000001 -0.9999545846505178
27) 4 -7.401 -8.132000000000001 -0.9999999974480531
27) 5 -7.934 -8.665000000000001 -0.7295945858465044
27) 6 -7.401 -8.665000000000001 -0.921096655436404
27) 7 -6.867999999999999 -8.665000000000001 -0.9981295474620803
27) 8 -7.401 -8.132000000000001 -0.9999999974480531
27) 9 -7.934 -8.665000000000001 -0.7295945858465044
27) 10 -7.401 -8.665000000000001 -0.921096655436404
27) 11 -6.867999999999999 -8.665000000000001 -0.9981295474620803
27) 12 -7.401 -8.132000000000001 -0.9999999974480531
27) 13 -7.934 -8.665000000000001 -0.7295945858465044
27) 14 -7.401 -8.665000000000001 -0.921096655436404
27) 15 -6.867999999999999 -8.665000000000001 -0.9981295474620803
27) 16 -7.401 -8.132000000000001 -0.9999999974480531
27) 17 -7.934 -8.665000000000001 -0.7295945858465044
27) 18 -7.401 -8.665000000000001 -0.921096655436404
27) 19 -6.867999999999999 -8.665000000000001 -0.9981295474620803
27) 20 -7.401 -8.132000000000001 -0.9999999974480531
27) 21 -7.934 -8.665000000000001 -0.7295945858465044
27) 22 -7.401 -8.665000000000001 -0.921096655436404
27) 23 -6.867999999999999 -8.665000000000001 -0.9981295474620803
27) 24 -7.401 -8.132000000000001 -0.9999999974480531
27) 25 -7.934 -8.665000000000001 -0.7295945858465044
27) 26 -7.401 -8.665000000000001 -0.921096655436404
27) 27 -6.867999999999999 -8.665000000000001 -0.9981295474620803
27) 28 -7.401 -8.132000000000001 -0.9999999974480531
27) 29 -7.934 -8.665000000000001 -0.7295945858465044
27) 30 -7.401 -8.665000000000001 -0.921096655436404
27) 31 -6.867999999999999 -8.665000000000001 -0.9981295474620803
27) 32 -7.401 -8.132000000000001 -0.9999999974480531
27) 33 -7.934 -8.665000000000001 -0.7295945858465044
27) 34 -7.401 -8.665000000000001 -0.921096655436404
27) 35 -6.867999999999999 -8.665000000000001 -0.9981295474620803
27) 36 -7.401 -8.132000000000001 -0.9999999974480531
27) 37 -7.934 -8.665000000000001 -0.7295945858465044
27) 38 -7.401 -8.665000000000001 -0.921096655436404
27) 39 -6.867999999999999 -8.665000000000001 -0.9981295474620803
27) 40 -7.401 -8.132000000000001 -0.9999999974480531
27) 41 -7.934 -8.665000000000001 -0.7295945858465044
27) 42 -7.401 -8.665000000000001 -0.921096655436404
27) 43 -6.867999999999999 -8.665000000000001 -0.9981295474620803
27) 44 -7.401 -8.132000000000001 -0.9999999974480531
27) 45 -7.934 -8.665000000000001 -0.7295945858465044
27) 46 -7.401 -8.665000000000001 -0.921096655436404
27) 47 -6.867999999999999 -8.665000000000001 -0.9981295474620803
27) 48 -7.401 -8.132000000000001 -0.9999999974480531
27) 49 -7.934 -8.665000000000001 -0.7295945858465044
28) 0 2.0 -6.0 0.04135821352247398
28) 1 2.533 -6.533 0.6621477318998719
28) 2 3.066 -7.066000000000001 0.988550595486673
28) 3 3.5989999999999998 -7.066000000000001 0.9971298909298211
29) 0 7.0 -9.0 -0.9186368297074818
29) 1 7.533 -8.467 -0.9436204168585193
29) 2 8.066 -7.934 -0.9497001796724244
29) 3 7.533 -7.934 -0.9984835550942847
29) 4 8.066 -7.401 -0.9988168346747228
29) 5 8.599 -6.867999999999999 -0.9999546311814681
29) 6 9.132 -7.401 -0.7255770166070542
29) 7 8.599 -7.401 -0.9394400007653253
29) 8 8.066 -7.401 -0.9988168346747228
29) 9 8.599 -6.867999999999999 -0.9999546311814681
29) 10 9.132 -7.401 -0.7255770166070542
29) 11 8.599 -7.401 -0.9394400007653253
29) 12 8.066 -7.401 -0.9988168346747228
29) 13 8.599 -6.867999999999999 -0.9999546311814681
29) 14 9.132 -7.401 -0.7255770166070542
29) 15 8.599 -7.401 -0.9394400007653253
29) 16 8.066 -7.401 -0.9988168346747228
29) 17 8.599 -6.867999999999999 -0.9999546311814681
29) 18 9.132 -7.401 -0.7255770166070542
29) 19 8.599 -7.401 -0.9394400007653253
29) 20 8.066 -7.401 -0.9988168346747228
29) 21 8.599 -6.867999999999999 -0.9999546311814681
29) 22 9.132 -7.401 -0.7255770166070542
29) 23 8.599 -7.401 -0.9394400007653253
29) 24 8.066 -7.401 -0.9988168346747228
29) 25 8.599 -6.867999999999999 -0.9999546311814681
29) 26 9.132 -7.401 -0.7255770166070542
29) 27 8.599 -7.401 -0.9394400007653253
29) 28 8.066 -7.401 -0.9988168346747228
29) 29 8.599 -6.867999999999999 -0.9999546311814681
29) 30 9.132 -7.401 -0.7255770166070542
29) 31 8.599 -7.401 -0.9394400007653253
29) 32 8.066 -7.401 -0.9988168346747228
29) 33 8.599 -6.867999999999999 -0.9999546311814681
29) 34 9.132 -7.401 -0.7255770166070542
29) 35 8.599 -7.401 -0.9394400007653253
29) 36 8.066 -7.401 -0.9988168346747228
29) 37 8.599 -6.867999999999999 -0.9999546311814681
29) 38 9.132 -7.401 -0.7255770166070542
29) 39 8.599 -7.401 -0.9394400007653253
29) 40 8.066 -7.401 -0.9988168346747228
29) 41 8.599 -6.867999999999999 -0.9999546311814681
29) 42 9.132 -7.401 -0.7255770166070542
29) 43 8.599 -7.401 -0.9394400007653253
29) 44 8.066 -7.401 -0.9988168346747228
29) 45 8.599 -6.867999999999999 -0.9999546311814681
29) 46 9.132 -7.401 -0.7255770166070542
29) 47 8.599 -7.401 -0.9394400007653253
29) 48 8.066 -7.401 -0.9988168346747228
29) 49 8.599 -6.867999999999999 -0.9999546311814681
30) 0 7.0 8.0 -0.9339707316330099
30) 1 7.533 8.0 -0.9999746403904668
30) 2 8.066 7.467 -0.9999923134254919
30) 3 7.533 6.933999999999999 -0.726833826153464
30) 4 8.066 6.933999999999999 -0.9363146655573147
30) 5 8.599 6.933999999999999 -0.9987081822579376
30) 6 8.066 7.467 -0.9999923134254919
30) 7 7.533 6.933999999999999 -0.726833826153464
30) 8 8.066 6.933999999999999 -0.9363146655573147
30) 9 8.599 6.933999999999999 -0.9987081822579376
30) 10 8.066 7.467 -0.9999923134254919
30) 11 7.533 6.933999999999999 -0.726833826153464
30) 12 8.066 6.933999999999999 -0.9363146655573147
30) 13 8.599 6.933999999999999 -0.9987081822579376
30) 14 8.066 7.467 -0.9999923134254919
30) 15 7.533 6.933999999999999 -0.726833826153464
30) 16 8.066 6.933999999999999 -0.9363146655573147
30) 17 8.599 6.933999999999999 -0.9987081822579376
30) 18 8.066 7.467 -0.9999923134254919
30) 19 7.533 6.933999999999999 -0.726833826153464
30) 20 8.066 6.933999999999999 -0.9363146655573147
30) 21 8.599 6.933999999999999 -0.9987081822579376
30) 22 8.066 7.467 -0.9999923134254919
30) 23 7.533 6.933999999999999 -0.726833826153464
30) 24 8.066 6.933999999999999 -0.9363146655573147
30) 25 8.599 6.933999999999999 -0.9987081822579376
30) 26 8.066 7.467 -0.9999923134254919
30) 27 7.533 6.933999999999999 -0.726833826153464
30) 28 8.066 6.933999999999999 -0.9363146655573147
30) 29 8.599 6.933999999999999 -0.9987081822579376
30) 30 8.066 7.467 -0.9999923134254919
30) 31 7.533 6.933999999999999 -0.726833826153464
30) 32 8.066 6.933999999999999 -0.9363146655573147
30) 33 8.599 6.933999999999999 -0.9987081822579376
30) 34 8.066 7.467 -0.9999923134254919
30) 35 7.533 6.933999999999999 -0.726833826153464
30) 36 8.066 6.933999999999999 -0.9363146655573147
30) 37 8.599 6.933999999999999 -0.9987081822579376
30) 38 8.066 7.467 -0.9999923134254919
30) 39 7.533 6.933999999999999 -0.726833826153464
30) 40 8.066 6.933999999999999 -0.9363146655573147
30) 41 8.599 6.933999999999999 -0.9987081822579376
30) 42 8.066 7.467 -0.9999923134254919
30) 43 7.533 6.933999999999999 -0.726833826153464
30) 44 8.066 6.933999999999999 -0.9363146655573147
30) 45 8.599 6.933999999999999 -0.9987081822579376
30) 46 8.066 7.467 -0.9999923134254919
30) 47 7.533 6.933999999999999 -0.726833826153464
30) 48 8.066 6.933999999999999 -0.9363146655573147
30) 49 8.599 6.933999999999999 -0.9987081822579376
31) 0 1.0 2.0 0.786749131547214
31) 1 0.46699999999999997 1.467 0.9995115058581578
32) 0 7.0 3.0 0.9717622535057333
32) 1 7.0 3.533 0.9999164072910056
33) 0 -5.0 -3.0 -0.43697551727207756
33) 1 -5.533 -3.533 0.2778762919512303
33) 2 -6.066000000000001 -4.066 0.8518282754946623
33) 3 -6.599000000000001 -4.066 0.9947097392285068
34) 0 6.0 -1.0 -0.19908366251892284
34) 1 6.533 -1.533 0.4143855764424443
34) 2 7.066000000000001 -2.066 0.881323691791668
34) 3 7.599000000000001 -2.066 0.9997824033365729
35) 0 1.0 -1.0 0.9877659459927356
35) 1 1.533 -0.46699999999999997 0.9994957805828395
36) 0 -8.0 4.0 0.4622279808582701
36) 1 -7.467 3.467 0.9291655560532518
36) 2 -6.933999999999999 3.467 0.9948498546387456
37) 0 1.0 2.0 0.786749131547214
37) 1 0.46699999999999997 1.467 0.9995115058581578
38) 0 6.0 -7.0 0.2037957684966491
38) 1 5.467 -6.467 0.8172321044646019
38) 2 4.933999999999999 -5.933999999999999 0.9906735342344033
38) 3 4.400999999999999 -6.467 0.9995032536654729
39) 0 -3.0 -7.0 0.9717622535057333
39) 1 -3.533 -7.0 0.9999164072910056
40) 0 1.0 0.0 0.8414709848078965
40) 1 1.533 0.0 0.9992858038692868
41) 0 1.0 2.0 0.786749131547214
41) 1 0.46699999999999997 1.467 0.9995115058581578
42) 0 -2.0 -5.0 -0.7820948988254615
42) 1 -1.467 -5.0 -0.8783591969924625
42) 2 -0.934 -5.0 -0.9308373984984648
42) 3 -0.401 -5.0 -0.954246890548185
42) 4 0.132 -5.0 -0.9584286528903964
42) 5 0.665 -4.467 -0.9808220202015859
42) 6 1.198 -4.467 -0.9961714339598187
42) 7 1.7309999999999999 -4.467 -0.9969381688439023
42) 8 2.264 -5.0 -0.7135114841617762
42) 9 2.7969999999999997 -4.467 -0.8483008188083802
42) 10 3.3299999999999996 -3.9339999999999997 -0.9040004310268894
42) 11 3.8629999999999995 -3.401 -0.907117279517596
42) 12 3.3299999999999996 -3.401 -0.9988762834263838
42) 13 3.8629999999999995 -3.9339999999999997 -0.6958804484257212
42) 14 3.3299999999999996 -3.9339999999999997 -0.9040004310268894
42) 15 3.8629999999999995 -3.401 -0.907117279517596
42) 16 3.3299999999999996 -3.401 -0.9988762834263838
42) 17 3.8629999999999995 -3.9339999999999997 -0.6958804484257212
42) 18 3.3299999999999996 -3.9339999999999997 -0.9040004310268894
42) 19 3.8629999999999995 -3.401 -0.907117279517596
42) 20 3.3299999999999996 -3.401 -0.9988762834263838
42) 21 3.8629999999999995 -3.9339999999999997 -0.6958804484257212
42) 22 3.3299999999999996 -3.9339999999999997 -0.9040004310268894
42) 23 3.8629999999999995 -3.401 -0.907117279517596
42) 24 3.3299999999999996 -3.401 -0.9988762834263838
42) 25 3.8629999999999995 -3.9339999999999997 -0.6958804484257212
42) 26 3.3299999999999996 -3.9339999999999997 -0.9040004310268894
42) 27 3.8629999999999995 -3.401 -0.907117279517596
42) 28 3.3299999999999996 -3.401 -0.9988762834263838
42) 29 3.8629999999999995 -3.9339999999999997 -0.6958804484257212
42) 30 3.3299999999999996 -3.9339999999999997 -0.9040004310268894
42) 31 3.8629999999999995 -3.401 -0.907117279517596
42) 32 3.3299999999999996 -3.401 -0.9988762834263838
42) 33 3.8629999999999995 -3.9339999999999997 -0.6958804484257212
42) 34 3.3299999999999996 -3.9339999999999997 -0.9040004310268894
42) 35 3.8629999999999995 -3.401 -0.907117279517596
42) 36 3.3299999999999996 -3.401 -0.9988762834263838
42) 37 3.8629999999999995 -3.9339999999999997 -0.6958804484257212
42) 38 3.3299999999999996 -3.9339999999999997 -0.9040004310268894
42) 39 3.8629999999999995 -3.401 -0.907117279517596
42) 40 3.3299999999999996 -3.401 -0.9988762834263838
42) 41 3.8629999999999995 -3.9339999999999997 -0.6958804484257212
42) 42 3.3299999999999996 -3.9339999999999997 -0.9040004310268894
42) 43 3.8629999999999995 -3.401 -0.907117279517596
42) 44 3.3299999999999996 -3.401 -0.9988762834263838
42) 45 3.8629999999999995 -3.9339999999999997 -0.6958804484257212
42) 46 3.3299999999999996 -3.9339999999999997 -0.9040004310268894
42) 47 3.8629999999999995 -3.401 -0.907117279517596
42) 48 3.3299999999999996 -3.401 -0.9988762834263838
42) 49 3.8629999999999995 -3.9339999999999997 -0.6958804484257212
43) 0 4.0 8.0 0.4622279808582701
43) 1 3.467 7.467 0.9291655560532518
43) 2 3.467 6.933999999999999 0.9948498546387456
44) 0 -3.0 -5.0 -0.43697551727207756
44) 1 -3.533 -5.533 0.2778762919512303
44) 2 -4.066 -6.066000000000001 0.8518282754946623
44) 3 -4.066 -6.599000000000001 0.9947097392285068
45) 0 -4.0 -9.0 -0.41148230684214054
45) 1 -3.467 -8.467 0.2719812699474241
45) 2 -2.934 -7.934 0.8224233646504048
45) 3 -2.4010000000000002 -7.401 0.9973175585109485
46) 0 -4.0 9.0 -0.41148230684214054
46) 1 -3.467 8.467 0.2719812699474241
46) 2 -2.934 7.934 0.8224233646504048
46) 3 -2.4010000000000002 7.401 0.9973175585109485
47) 0 4.0 7.0 0.9783888223346213
47) 1 3.467 7.0 0.9990993038897558
48) 0 -5.0 9.0 -0.7648781678542789
48) 1 -4.467 9.533 -0.892522782684138
48) 2 -3.9339999999999997 10.065999999999999 -0.9823544724439444
48) 3 -3.401 10.598999999999998 -0.9908048410126206
48) 4 -3.401 10.065999999999999 -0.9321285868770615
48) 5 -2.868 10.598999999999998 -0.9998814206708616
48) 6 -2.868 10.065999999999999 -0.8633267018709541
48) 7 -2.335 10.598999999999998 -0.9898758473749585
48) 8 -2.335 10.065999999999999 -0.7885806736328624
48) 9 -1.802 10.598999999999998 -0.9702630599011051
48) 10 -1.802 10.065999999999999 -0.7182234246786979
48) 11 -1.2690000000000001 10.598999999999998 -0.948959175526022
48) 12 -1.2690000000000001 10.065999999999999 -0.6600586501191745
48) 13 -0.7360000000000001 10.598999999999998 -0.9319468055587586
48) 14 -0.7360000000000001 10.065999999999999 -0.6194904130110795
48) 15 -0.20300000000000007 10.598999999999998 -0.9231387027180378
49) 0 -7.0 1.0 0.7088612918380416
49) 1 -7.533 1.533 0.9861579734693949
49) 2 -7.533 2.066 0.9990839088745622
50) 0 8.0 -4.0 0.4622279808582701
50) 1 7.467 -3.467 0.9291655560532518
50) 2 6.933999999999999 -3.467 0.9948498546387456
51) 0 9.0 0.0 0.4121184852417566
51) 1 8.467 0.0 0.8179151630798135
51) 2 7.934 0.0 0.9968002384191949
52) 0 -3.0 0.0 0.1411200080598672
52) 1 -2.467 0.0 0.6245792467175791
52) 2 -1.9340000000000002 0.0 0.9347634512917475
52) 3 -1.4010000000000002 0.533 0.9974210939971624
53) 0 -8.0 -7.0 -0.9339707316330099
53) 1 -8.0 -7.533 -0.9999746403904668
53) 2 -7.467 -8.066 -0.9999923134254919
53) 3 -6.933999999999999 -7.533 -0.726833826153464
53) 4 -6.933999999999999 -8.066 -0.9363146655573147
53) 5 -6.933999999999999 -8.599 -0.9987081822579376
53) 6 -7.467 -8.066 -0.9999923134254919
53) 7 -6.933999999999999 -7.533 -0.726833826153464
53) 8 -6.933999999999999 -8.066 -0.9363146655573147
53) 9 -6.933999999999999 -8.599 -0.9987081822579376
53) 10 -7.467 -8.066 -0.9999923134254919
53) 11 -6.933999999999999 -7.533 -0.726833826153464
53) 12 -6.933999999999999 -8.066 -0.9363146655573147
53) 13 -6.933999999999999 -8.599 -0.9987081822579376
53) 14 -7.467 -8.066 -0.9999923134254919
53) 15 -6.933999999999999 -7.533 -0.726833826153464
53) 16 -6.933999999999999 -8.066 -0.9363146655573147
53) 17 -6.933999999999999 -8.599 -0.9987081822579376
53) 18 -7.467 -8.066 -0.9999923134254919
53) 19 -6.933999999999999 -7.533 -0.726833826153464
53) 20 -6.933999999999999 -8.066 -0.9363146655573147
53) 21 -6.933999999999999 -8.599 -0.9987081822579376
53) 22 -7.467 -8.066 -0.9999923134254919
53) 23 -6.933999999999999 -7.533 -0.726833826153464
53) 24 -6.933999999999999 -8.066 -0.9363146655573147
53) 25 -6.933999999999999 -8.599 -0.9987081822579376
53) 26 -7.467 -8.066 -0.9999923134254919
53) 27 -6.933999999999999 -7.533 -0.726833826153464
53) 28 -6.933999999999999 -8.066 -0.9363146655573147
53) 29 -6.933999999999999 -8.599 -0.9987081822579376
53) 30 -7.467 -8.066 -0.9999923134254919
53) 31 -6.933999999999999 -7.533 -0.726833826153464
53) 32 -6.933999999999999 -8.066 -0.9363146655573147
53) 33 -6.933999999999999 -8.599 -0.9987081822579376
53) 34 -7.467 -8.066 -0.9999923134254919
53) 35 -6.933999999999999 -7.533 -0.726833826153464
53) 36 -6.933999999999999 -8.066 -0.9363146655573147
53) 37 -6.933999999999999 -8.599 -0.9987081822579376
53) 38 -7.467 -8.066 -0.9999923134254919
53) 39 -6.933999999999999 -7.533 -0.726833826153464
53) 40 -6.933999999999999 -8.066 -0.9363146655573147
53) 41 -6.933999999999999 -8.599 -0.9987081822579376
53) 42 -7.467 -8.066 -0.9999923134254919
53) 43 -6.933999999999999 -7.533 -0.726833826153464
53) 44 -6.933999999999999 -8.066 -0.9363146655573147
53) 45 -6.933999999999999 -8.599 -0.9987081822579376
53) 46 -7.467 -8.066 -0.9999923134254919
53) 47 -6.933999999999999 -7.533 -0.726833826153464
53) 48 -6.933999999999999 -8.066 -0.9363146655573147
53) 49 -6.933999999999999 -8.599 -0.9987081822579376
54) 0 -3.0 5.0 -0.43697551727207756
54) 1 -3.533 5.533 0.2778762919512303
54) 2 -4.066 6.066000000000001 0.8518282754946623
54) 3 -4.066 6.599000000000001 0.9947097392285068
55) 0 8.0 3.0 0.7712319401165738
55) 1 7.467 2.467 0.9999500189418271
56) 0 7.0 -3.0 0.9717622535057333
56) 1 7.0 -3.533 0.9999164072910056
57) 0 8.0 7.0 -0.9339707316330099
57) 1 8.533 7.0 -0.9991482206173417
57) 2 7.999999999999999 7.533 -0.9999746403904668
57) 3 7.466999999999999 8.066 -0.9999923134254919
57) 4 6.933999999999998 7.533 -0.726833826153464
57) 5 7.466999999999999 7.533 -0.9253381207035597
57) 6 7.999999999999999 7.533 -0.9999746403904668
57) 7 7.466999999999999 8.066 -0.9999923134254919
57) 8 6.933999999999998 7.533 -0.726833826153464
57) 9 7.466999999999999 7.533 -0.9253381207035597
57) 10 7.999999999999999 7.533 -0.9999746403904668
57) 11 7.466999999999999 8.066 -0.9999923134254919
57) 12 6.933999999999998 7.533 -0.726833826153464
57) 13 7.466999999999999 7.533 -0.9253381207035597
57) 14 7.999999999999999 7.533 -0.9999746403904668
57) 15 7.466999999999999 8.066 -0.9999923134254919
57) 16 6.933999999999998 7.533 -0.726833826153464
57) 17 7.466999999999999 7.533 -0.9253381207035597
57) 18 7.999999999999999 7.533 -0.9999746403904668
57) 19 7.466999999999999 8.066 -0.9999923134254919
57) 20 6.933999999999998 7.533 -0.726833826153464
57) 21 7.466999999999999 7.533 -0.9253381207035597
57) 22 7.999999999999999 7.533 -0.9999746403904668
57) 23 7.466999999999999 8.066 -0.9999923134254919
57) 24 6.933999999999998 7.533 -0.726833826153464
57) 25 7.466999999999999 7.533 -0.9253381207035597
57) 26 7.999999999999999 7.533 -0.9999746403904668
57) 27 7.466999999999999 8.066 -0.9999923134254919
57) 28 6.933999999999998 7.533 -0.726833826153464
57) 29 7.466999999999999 7.533 -0.9253381207035597
57) 30 7.999999999999999 7.533 -0.9999746403904668
57) 31 7.466999999999999 8.066 -0.9999923134254919
57) 32 6.933999999999998 7.533 -0.726833826153464
57) 33 7.466999999999999 7.533 -0.9253381207035597
57) 34 7.999999999999999 7.533 -0.9999746403904668
57) 35 7.466999999999999 8.066 -0.9999923134254919
57) 36 6.933999999999998 7.533 -0.726833826153464
57) 37 7.466999999999999 7.533 -0.9253381207035597
57) 38 7.999999999999999 7.533 -0.9999746403904668
57) 39 7.466999999999999 8.066 -0.9999923134254919
57) 40 6.933999999999998 7.533 -0.726833826153464
57) 41 7.466999999999999 7.533 -0.9253381207035597
57) 42 7.999999999999999 7.533 -0.9999746403904668
57) 43 7.466999999999999 8.066 -0.9999923134254919
57) 44 6.933999999999998 7.533 -0.726833826153464
57) 45 7.466999999999999 7.533 -0.9253381207035597
57) 46 7.999999999999999 7.533 -0.9999746403904668
57) 47 7.466999999999999 8.066 -0.9999923134254919
57) 48 6.933999999999998 7.533 -0.726833826153464
57) 49 7.466999999999999 7.533 -0.9253381207035597
58) 0 8.0 -6.0 -0.5440211108893698
58) 1 7.467 -5.467 0.16954107778251107
58) 2 6.933999999999999 -4.933999999999999 0.7922618575694959
58) 3 6.400999999999999 -4.400999999999999 0.9963046287878826
58) 4 6.933999999999999 -3.867999999999999 0.9963125408415431
59) 0 0.0 9.0 0.4121184852417566
59) 1 0.0 8.467 0.8179151630798135
59) 2 0.0 7.934 0.9968002384191949
60) 0 5.0 9.0 -0.7648781678542789
60) 1 5.533 9.0 -0.9086247137792162
60) 2 6.066000000000001 9.0 -0.9899106695991463
60) 3 5.533 9.533 -0.9996415781658293
60) 4 6.066000000000001 10.065999999999999 -0.7269664246201165
60) 5 6.066000000000001 9.533 -0.9542253372128809
60) 6 6.066000000000001 9.0 -0.9899106695991463
60) 7 5.533 9.533 -0.9996415781658293
60) 8 6.066000000000001 10.065999999999999 -0.7269664246201165
60) 9 6.066000000000001 9.533 -0.9542253372128809
60) 10 6.066000000000001 9.0 -0.9899106695991463
60) 11 5.533 9.533 -0.9996415781658293
60) 12 6.066000000000001 10.065999999999999 -0.7269664246201165
60) 13 6.066000000000001 9.533 -0.9542253372128809
60) 14 6.066000000000001 9.0 -0.9899106695991463
60) 15 5.533 9.533 -0.9996415781658293
60) 16 6.066000000000001 10.065999999999999 -0.7269664246201165
60) 17 6.066000000000001 9.533 -0.9542253372128809
60) 18 6.066000000000001 9.0 -0.9899106695991463
60) 19 5.533 9.533 -0.9996415781658293
60) 20 6.066000000000001 10.065999999999999 -0.7269664246201165
60) 21 6.066000000000001 9.533 -0.9542253372128809
60) 22 6.066000000000001 9.0 -0.9899106695991463
60) 23 5.533 9.533 -0.9996415781658293
60) 24 6.066000000000001 10.065999999999999 -0.7269664246201165
60) 25 6.066000000000001 9.533 -0.9542253372128809
60) 26 6.066000000000001 9.0 -0.9899106695991463
60) 27 5.533 9.533 -0.9996415781658293
60) 28 6.066000000000001 10.065999999999999 -0.7269664246201165
60) 29 6.066000000000001 9.533 -0.9542253372128809
60) 30 6.066000000000001 9.0 -0.9899106695991463
60) 31 5.533 9.533 -0.9996415781658293
60) 32 6.066000000000001 10.065999999999999 -0.7269664246201165
60) 33 6.066000000000001 9.533 -0.9542253372128809
60) 34 6.066000000000001 9.0 -0.9899106695991463
60) 35 5.533 9.533 -0.9996415781658293
60) 36 6.066000000000001 10.065999999999999 -0.7269664246201165
60) 37 6.066000000000001 9.533 -0.9542253372128809
60) 38 6.066000000000001 9.0 -0.9899106695991463
60) 39 5.533 9.533 -0.9996415781658293
60) 40 6.066000000000001 10.065999999999999 -0.7269664246201165
60) 41 6.066000000000001 9.533 -0.9542253372128809
60) 42 6.066000000000001 9.0 -0.9899106695991463
60) 43 5.533 9.533 -0.9996415781658293
60) 44 6.066000000000001 10.065999999999999 -0.7269664246201165
60) 45 6.066000000000001 9.533 -0.9542253372128809
60) 46 6.066000000000001 9.0 -0.9899106695991463
60) 47 5.533 9.533 -0.9996415781658293
60) 48 6.066000000000001 10.065999999999999 -0.7269664246201165
60) 49 6.066000000000001 9.533 -0.9542253372128809
61) 0 -5.0 -2.0 -0.7820948988254615
61) 1 -4.467 -2.0 -0.98350131047154
61) 2 -3.9339999999999997 -2.533 -0.9994405116259522
61) 3 -3.401 -2.0 -0.7200579990970638
61) 4 -3.401 -2.533 -0.8907674622014399
61) 5 -3.401 -3.066 -0.9911156529544342
61) 6 -2.868 -3.5989999999999998 -0.9939111784692833
61) 7 -2.335 -4.132 -0.999431184605524
61) 8 -2.868 -4.665 -0.7222758270284638
61) 9 -2.335 -4.665 -0.8754848547634988
61) 10 -1.802 -4.665 -0.9586564086522076
61) 11 -1.2690000000000001 -4.665 -0.99255124283602
61) 12 -0.7360000000000001 -4.665 -0.999946813838836
61) 13 -1.2690000000000001 -5.198 -0.8031269549165169
61) 14 -0.7360000000000001 -5.198 -0.8590125166589838
61) 15 -0.20300000000000007 -5.198 -0.882533529555002
61) 16 0.32999999999999996 -4.665 -0.9993616971491253
61) 17 0.863 -4.665 -0.9994955448142587
61) 18 1.396 -5.198 -0.7839422842977032
61) 19 1.9289999999999998 -4.665 -0.9441778631128209
61) 20 2.4619999999999997 -4.132 -0.9952522986364901
61) 21 2.9949999999999997 -3.5989999999999998 -0.9995437965008416
61) 22 2.4619999999999997 -3.066 -0.7107451236999839
61) 23 2.4619999999999997 -3.5989999999999998 -0.9387345634003964
61) 24 2.4619999999999997 -4.132 -0.9952522986364901
61) 25 2.9949999999999997 -3.5989999999999998 -0.9995437965008416
61) 26 2.4619999999999997 -3.066 -0.7107451236999839
61) 27 2.4619999999999997 -3.5989999999999998 -0.9387345634003964
61) 28 2.4619999999999997 -4.132 -0.9952522986364901
61) 29 2.9949999999999997 -3.5989999999999998 -0.9995437965008416
61) 30 2.4619999999999997 -3.066 -0.7107451236999839
61) 31 2.4619999999999997 -3.5989999999999998 -0.9387345634003964
61) 32 2.4619999999999997 -4.132 -0.9952522986364901
61) 33 2.9949999999999997 -3.5989999999999998 -0.9995437965008416
61) 34 2.4619999999999997 -3.066 -0.7107451236999839
61) 35 2.4619999999999997 -3.5989999999999998 -0.9387345634003964
61) 36 2.4619999999999997 -4.132 -0.9952522986364901
61) 37 2.9949999999999997 -3.5989999999999998 -0.9995437965008416
61) 38 2.4619999999999997 -3.066 -0.7107451236999839
61) 39 2.4619999999999997 -3.5989999999999998 -0.9387345634003964
61) 40 2.4619999999999997 -4.132 -0.9952522986364901
61) 41 2.9949999999999997 -3.5989999999999998 -0.9995437965008416
61) 42 2.4619999999999997 -3.066 -0.7107451236999839
61) 43 2.4619999999999997 -3.5989999999999998 -0.9387345634003964
61) 44 2.4619999999999997 -4.132 -0.9952522986364901
61) 45 2.9949999999999997 -3.5989999999999998 -0.9995437965008416
61) 46 2.4619999999999997 -3.066 -0.7107451236999839
61) 47 2.4619999999999997 -3.5989999999999998 -0.9387345634003964
61) 48 2.4619999999999997 -4.132 -0.9952522986364901
61) 49 2.9949999999999997 -3.5989999999999998 -0.9995437965008416
62) 0 6.0 -7.0 0.2037957684966491
62) 1 5.467 -6.467 0.8172321044646019
62) 2 4.933999999999999 -5.933999999999999 0.9906735342344033
62) 3 4.400999999999999 -6.467 0.9995032536654729
63) 0 3.0 9.0 -0.06201520022829486
63) 1 2.467 8.467 0.5693357343791257
63) 2 1.9340000000000002 7.934 0.9516189515507043
63) 3 2.467 7.401 0.9986146958560117
64) 0 3.0 -5.0 -0.43697551727207756
64) 1 3.533 -5.533 0.2778762919512303
64) 2 4.066 -6.066000000000001 0.8518282754946623
64) 3 4.066 -6.599000000000001 0.9947097392285068
65) 0 -5.0 5.0 0.7088612918380416
65) 1 -5.533 5.533 0.9995755187054834
65) 2 -5.0 6.066000000000001 0.9999749071808858
66) 0 5.0 -10.0 -0.9829793407063873
66) 1 5.0 -10.533 -0.7875752990757935
66) 2 5.0 -11.065999999999999 -0.41068912643451755
66) 3 5.0 -11.598999999999998 0.06437266602006465
66) 4 5.533 -11.598999999999998 0.28090217847636223
66) 5 6.066000000000001 -11.598999999999998 0.4995321160655435
66) 6 6.599000000000001 -11.598999999999998 0.702159712537764
66) 7 7.1320000000000014 -11.598999999999998 0.8673624912009182
66) 8 7.665000000000002 -11.598999999999998 0.9726713886488533
66) 9 8.198000000000002 -11.598999999999998 0.9977900396011005
67) 0 -10.0 -6.0 -0.786095708473608
67) 1 -9.467 -6.0 -0.9774769707241008
67) 2 -8.934000000000001 -6.533 -0.9973920478120071
67) 3 -8.401000000000002 -7.066000000000001 -0.9998363768826518
67) 4 -7.868000000000001 -6.533 -0.7186979458661342
67) 5 -7.868000000000001 -7.066000000000001 -0.9129155123002579
67) 6 -7.868000000000001 -7.599000000000001 -0.9983702516020841
67) 7 -7.335000000000001 -8.132000000000001 -0.9990214220203423
67) 8 -6.8020000000000005 -8.665000000000001 -0.9997940148826302
67) 9 -7.335000000000001 -9.198 -0.7185999189262072
67) 10 -6.8020000000000005 -9.198 -0.9029176957893522
67) 11 -6.269 -9.198 -0.9908172165990267
67) 12 -6.8020000000000005 -8.665000000000001 -0.9997940148826302
67) 13 -7.335000000000001 -9.198 -0.7185999189262072
67) 14 -6.8020000000000005 -9.198 -0.9029176957893522
67) 15 -6.269 -9.198 -0.9908172165990267
67) 16 -6.8020000000000005 -8.665000000000001 -0.9997940148826302
67) 17 -7.335000000000001 -9.198 -0.7185999189262072
67) 18 -6.8020000000000005 -9.198 -0.9029176957893522
67) 19 -6.269 -9.198 -0.9908172165990267
67) 20 -6.8020000000000005 -8.665000000000001 -0.9997940148826302
67) 21 -7.335000000000001 -9.198 -0.7185999189262072
67) 22 -6.8020000000000005 -9.198 -0.9029176957893522
67) 23 -6.269 -9.198 -0.9908172165990267
67) 24 -6.8020000000000005 -8.665000000000001 -0.9997940148826302
67) 25 -7.335000000000001 -9.198 -0.7185999189262072
67) 26 -6.8020000000000005 -9.198 -0.9029176957893522
67) 27 -6.269 -9.198 -0.9908172165990267
67) 28 -6.8020000000000005 -8.665000000000001 -0.9997940148826302
67) 29 -7.335000000000001 -9.198 -0.7185999189262072
67) 30 -6.8020000000000005 -9.198 -0.9029176957893522
67) 31 -6.269 -9.198 -0.9908172165990267
67) 32 -6.8020000000000005 -8.665000000000001 -0.9997940148826302
67) 33 -7.335000000000001 -9.198 -0.7185999189262072
67) 34 -6.8020000000000005 -9.198 -0.9029176957893522
67) 35 -6.269 -9.198 -0.9908172165990267
67) 36 -6.8020000000000005 -8.665000000000001 -0.9997940148826302
67) 37 -7.335000000000001 -9.198 -0.7185999189262072
67) 38 -6.8020000000000005 -9.198 -0.9029176957893522
67) 39 -6.269 -9.198 -0.9908172165990267
67) 40 -6.8020000000000005 -8.665000000000001 -0.9997940148826302
67) 41 -7.335000000000001 -9.198 -0.7185999189262072
67) 42 -6.8020000000000005 -9.198 -0.9029176957893522
67) 43 -6.269 -9.198 -0.9908172165990267
67) 44 -6.8020000000000005 -8.665000000000001 -0.9997940148826302
67) 45 -7.335000000000001 -9.198 -0.7185999189262072
67) 46 -6.8020000000000005 -9.198 -0.9029176957893522
67) 47 -6.269 -9.198 -0.9908172165990267
67) 48 -6.8020000000000005 -8.665000000000001 -0.9997940148826302
67) 49 -7.335000000000001 -9.198 -0.7185999189262072
68) 0 2.0 1.0 0.786749131547214
68) 1 1.467 0.46699999999999997 0.9995115058581578
69) 0 9.0 8.0 -0.5010191903189258
69) 1 9.533 8.533 0.22581116235970425
69) 2 9.533 9.065999999999999 0.5557405442459424
69) 3 9.533 9.598999999999998 0.8203808988954965
70) 0 -10.0 -10.0 0.9999876561221204
71) 0 3.0 -10.0 -0.8497593056327711
71) 1 3.0 -10.533 -0.9990463808354988
71) 2 3.0 -11.065999999999999 -0.8916282756393022
71) 3 3.0 -11.598999999999998 -0.5527712772234316
71) 4 3.0 -12.131999999999998 -0.06889929240394063
71) 5 3.533 -12.131999999999998 0.06953433315531378
71) 6 4.066 -12.131999999999998 0.22686182138670397
71) 7 4.599 -12.131999999999998 0.3968426377239298
71) 8 5.132000000000001 -12.131999999999998 0.5699430359883105
71) 9 5.665000000000001 -12.131999999999998 0.7332502332296709
71) 10 6.198000000000001 -12.131999999999998 0.8709643196329612
71) 11 6.731000000000002 -12.131999999999998 0.9656076117335315
71) 12 7.264000000000002 -12.131999999999998 0.999994749882592
72) 0 -1.0 7.0 0.7088612918380416
72) 1 -1.533 7.533 0.9861579734693949
72) 2 -2.066 7.533 0.9990839088745622
73) 0 4.0 9.0 -0.41148230684214054
73) 1 3.467 8.467 0.2719812699474241
73) 2 2.934 7.934 0.8224233646504048
73) 3 2.4010000000000002 7.401 0.9973175585109485
74) 0 -3.0 -8.0 0.7712319401165738
74) 1 -2.467 -7.467 0.9999500189418271
75) 0 6.0 -9.0 -0.9840363888387289
75) 1 6.533 -9.0 -0.9921250971434188
75) 2 7.066000000000001 -8.467 -0.9994718883239303
75) 3 7.599000000000001 -7.934 -0.9999545846505178
75) 4 8.132000000000001 -7.401 -0.9999999974480531
75) 5 8.665000000000001 -7.934 -0.7295945858465044
75) 6 8.132000000000001 -7.934 -0.9338858395026609
75) 7 7.599000000000001 -7.934 -0.9999545846505178
75) 8 8.132000000000001 -7.401 -0.9999999974480531
75) 9 8.665000000000001 -7.934 -0.7295945858465044
75) 10 8.132000000000001 -7.934 -0.9338858395026609
75) 11 7.599000000000001 -7.934 -0.9999545846505178
75) 12 8.132000000000001 -7.401 -0.9999999974480531
75) 13 8.665000000000001 -7.934 -0.7295945858465044
75) 14 8.132000000000001 -7.934 -0.9338858395026609
75) 15 7.599000000000001 -7.934 -0.9999545846505178
75) 16 8.132000000000001 -7.401 -0.9999999974480531
75) 17 8.665000000000001 -7.934 -0.7295945858465044
75) 18 8.132000000000001 -7.934 -0.9338858395026609
75) 19 7.599000000000001 -7.934 -0.9999545846505178
75) 20 8.132000000000001 -7.401 -0.9999999974480531
75) 21 8.665000000000001 -7.934 -0.7295945858465044
75) 22 8.132000000000001 -7.934 -0.9338858395026609
75) 23 7.599000000000001 -7.934 -0.9999545846505178
75) 24 8.132000000000001 -7.401 -0.9999999974480531
75) 25 8.665000000000001 -7.934 -0.7295945858465044
75) 26 8.132000000000001 -7.934 -0.9338858395026609
75) 27 7.599000000000001 -7.934 -0.9999545846505178
75) 28 8.132000000000001 -7.401 -0.9999999974480531
75) 29 8.665000000000001 -7.934 -0.7295945858465044
75) 30 8.132000000000001 -7.934 -0.9338858395026609
75) 31 7.599000000000001 -7.934 -0.9999545846505178
75) 32 8.132000000000001 -7.401 -0.9999999974480531
75) 33 8.665000000000001 -7.934 -0.7295945858465044
75) 34 8.132000000000001 -7.934 -0.9338858395026609
75) 35 7.599000000000001 -7.934 -0.9999545846505178
75) 36 8.132000000000001 -7.401 -0.9999999974480531
75) 37 8.665000000000001 -7.934 -0.7295945858465044
75) 38 8.132000000000001 -7.934 -0.9338858395026609
75) 39 7.599000000000001 -7.934 -0.9999545846505178
75) 40 8.132000000000001 -7.401 -0.9999999974480531
75) 41 8.665000000000001 -7.934 -0.7295945858465044
75) 42 8.132000000000001 -7.934 -0.9338858395026609
75) 43 7.599000000000001 -7.934 -0.9999545846505178
75) 44 8.132000000000001 -7.401 -0.9999999974480531
75) 45 8.665000000000001 -7.934 -0.7295945858465044
75) 46 8.132000000000001 -7.934 -0.9338858395026609
75) 47 7.599000000000001 -7.934 -0.9999545846505178
75) 48 8.132000000000001 -7.401 -0.9999999974480531
75) 49 8.665000000000001 -7.934 -0.7295945858465044
76) 0 -1.0 9.0 0.36104927727853203
76) 1 -0.46699999999999997 8.467 0.8104436137308336
76) 2 0.06600000000000006 7.934 0.9967782584541707
77) 0 -5.0 -10.0 -0.9829793407063873
77) 1 -5.0 -10.533 -0.7875752990757935
77) 2 -5.0 -11.065999999999999 -0.41068912643451755
77) 3 -5.0 -11.598999999999998 0.06437266602006465
77) 4 -5.533 -11.598999999999998 0.28090217847636223
77) 5 -6.066000000000001 -11.598999999999998 0.4995321160655435
77) 6 -6.599000000000001 -11.598999999999998 0.702159712537764
77) 7 -7.1320000000000014 -11.598999999999998 0.8673624912009182
77) 8 -7.665000000000002 -11.598999999999998 0.9726713886488533
77) 9 -8.198000000000002 -11.598999999999998 0.9977900396011005
78) 0 -3.0 -9.0 -0.06201520022829486
78) 1 -2.467 -8.467 0.5693357343791257
78) 2 -1.9340000000000002 -7.934 0.9516189515507043
78) 3 -2.467 -7.401 0.9986146958560117
79) 0 -4.0 0.0 -0.7568024953079282
79) 1 -4.0 -0.533 -0.7794342324392943
79) 2 -4.0 -1.066 -0.8403971205409435
79) 3 -4.0 -1.5990000000000002 -0.9192487411184612
79) 4 -4.0 -2.132 -0.9839004054953464
79) 5 -4.0 -2.665 -0.9955769490295134
79) 6 -3.467 -3.198 -0.9999906919747366
79) 7 -4.0 -3.731 -0.7265136167432529
79) 8 -3.467 -3.731 -0.9283721259302123
79) 9 -2.934 -3.731 -0.9994202327997014
79) 10 -3.467 -3.198 -0.9999906919747366
79) 11 -4.0 -3.731 -0.7265136167432529
79) 12 -3.467 -3.731 -0.9283721259302123
79) 13 -2.934 -3.731 -0.9994202327997014
79) 14 -3.467 -3.198 -0.9999906919747366
79) 15 -4.0 -3.731 -0.7265136167432529
79) 16 -3.467 -3.731 -0.9283721259302123
79) 17 -2.934 -3.731 -0.9994202327997014
79) 18 -3.467 -3.198 -0.9999906919747366
79) 19 -4.0 -3.731 -0.7265136167432529
79) 20 -3.467 -3.731 -0.9283721259302123
79) 21 -2.934 -3.731 -0.9994202327997014
79) 22 -3.467 -3.198 -0.9999906919747366
79) 23 -4.0 -3.731 -0.7265136167432529
79) 24 -3.467 -3.731 -0.9283721259302123
79) 25 -2.934 -3.731 -0.9994202327997014
79) 26 -3.467 -3.198 -0.9999906919747366
79) 27 -4.0 -3.731 -0.7265136167432529
79) 28 -3.467 -3.731 -0.9283721259302123
79) 29 -2.934 -3.731 -0.9994202327997014
79) 30 -3.467 -3.198 -0.9999906919747366
79) 31 -4.0 -3.731 -0.7265136167432529
79) 32 -3.467 -3.731 -0.9283721259302123
79) 33 -2.934 -3.731 -0.9994202327997014
79) 34 -3.467 -3.198 -0.9999906919747366
79) 35 -4.0 -3.731 -0.7265136167432529
79) 36 -3.467 -3.731 -0.9283721259302123
79) 37 -2.934 -3.731 -0.9994202327997014
79) 38 -3.467 -3.198 -0.9999906919747366
79) 39 -4.0 -3.731 -0.7265136167432529
79) 40 -3.467 -3.731 -0.9283721259302123
79) 41 -2.934 -3.731 -0.9994202327997014
79) 42 -3.467 -3.198 -0.9999906919747366
79) 43 -4.0 -3.731 -0.7265136167432529
79) 44 -3.467 -3.731 -0.9283721259302123
79) 45 -2.934 -3.731 -0.9994202327997014
79) 46 -3.467 -3.198 -0.9999906919747366
79) 47 -4.0 -3.731 -0.7265136167432529
79) 48 -3.467 -3.731 -0.9283721259302123
79) 49 -2.934 -3.731 -0.9994202327997014
80) 0 -4.0 3.0 -0.9589242746631385
80) 1 -4.0 2.467 -0.9999180163057412
80) 2 -3.467 1.9340000000000002 -0.7368168499645235
80) 3 -4.0 1.9340000000000002 -0.9639368992437876
80) 4 -4.533 1.9340000000000002 -0.9767750147135057
80) 5 -4.533 1.4010000000000002 -0.9994824204036642
80) 6 -5.066000000000001 1.9340000000000002 -0.7582170206261412
80) 7 -5.066000000000001 1.4010000000000002 -0.855766769937476
80) 8 -5.066000000000001 0.8680000000000002 -0.9100324573801879
80) 9 -5.066000000000001 0.3350000000000002 -0.934239638193864
80) 10 -5.066000000000001 -0.19799999999999984 -0.93678197825391
80) 11 -4.533 -0.19799999999999984 -0.984714914564161
80) 12 -4.533 -0.7309999999999999 -0.992709406984648
80) 13 -4.533 -1.2639999999999998 -0.999979146235242
80) 14 -5.066000000000001 -1.7969999999999997 -0.7882204112566595
80) 15 -4.533 -1.7969999999999997 -0.9866134264318364
80) 16 -4.0 -2.3299999999999996 -0.9965364708585736
80) 17 -3.467 -1.7969999999999997 -0.6914124625637147
80) 18 -3.467 -2.3299999999999996 -0.8601716022172914
80) 19 -3.467 -2.8629999999999995 -0.9767469244625723
80) 20 -3.467 -3.3959999999999995 -0.9901118258520597
80) 21 -4.0 -3.9289999999999994 -0.6259201816716716
80) 22 -4.533 -4.462 0.0773609533086094
80) 23 -5.066000000000001 -4.995 0.7387360816288034
80) 24 -5.599000000000001 -5.5280000000000005 0.9998998098474187
81) 0 4.0 4.0 -0.586176193003373
81) 1 4.533 4.533 0.12710005452481773
81) 2 5.066000000000001 5.066000000000001 0.7715160111187006
81) 3 5.599000000000001 5.599000000000001 0.9979398812045776
82) 0 -6.0 0.0 -0.27941549819892586
82) 1 -6.533 0.533 0.2681972602361526
82) 2 -7.066000000000001 1.066 0.7596484861005551
82) 3 -7.599000000000001 1.5990000000000002 0.9960801507373361
82) 4 -7.599000000000001 2.132 0.9992615036145671
83) 0 1.0 8.0 0.9783888223346213
83) 1 0.46699999999999997 8.0 0.9872849973895048
83) 2 -0.06600000000000006 8.0 0.9893185982492736
84) 0 -5.0 -3.0 -0.43697551727207756
84) 1 -5.533 -3.533 0.2778762919512303
84) 2 -6.066000000000001 -4.066 0.8518282754946623
84) 3 -6.599000000000001 -4.066 0.9947097392285068
85) 0 -4.0 4.0 -0.586176193003373
85) 1 -4.533 4.533 0.12710005452481773
85) 2 -5.066000000000001 5.066000000000001 0.7715160111187006
85) 3 -5.599000000000001 5.599000000000001 0.9979398812045776
86) 0 -1.0 -5.0 -0.9261848392897116
86) 1 -0.46699999999999997 -5.0 -0.9525247874509208
86) 2 0.06600000000000006 -5.0 -0.9588006258322558
86) 3 0.5990000000000001 -4.467 -0.9789781291763253
86) 4 1.1320000000000001 -4.467 -0.9945773013411441
86) 5 1.665 -4.467 -0.9984975730796931
86) 6 2.198 -5.0 -0.7320936586183415
86) 7 2.731 -4.467 -0.8661742326978911
86) 8 3.264 -3.9339999999999997 -0.9213072048880181
86) 9 3.7969999999999997 -3.401 -0.9267750171779865
86) 10 3.264 -3.401 -0.9999989147872683
86) 11 3.7969999999999997 -3.9339999999999997 -0.7281949097892105
86) 12 3.264 -3.9339999999999997 -0.9213072048880181
86) 13 3.7969999999999997 -3.401 -0.9267750171779865
86) 14 3.264 -3.401 -0.9999989147872683
86) 15 3.7969999999999997 -3.9339999999999997 -0.7281949097892105
86) 16 3.264 -3.9339999999999997 -0.9213072048880181
86) 17 3.7969999999999997 -3.401 -0.9267750171779865
86) 18 3.264 -3.401 -0.9999989147872683
86) 19 3.7969999999999997 -3.9339999999999997 -0.7281949097892105
86) 20 3.264 -3.9339999999999997 -0.9213072048880181
86) 21 3.7969999999999997 -3.401 -0.9267750171779865
86) 22 3.264 -3.401 -0.9999989147872683
86) 23 3.7969999999999997 -3.9339999999999997 -0.7281949097892105
86) 24 3.264 -3.9339999999999997 -0.9213072048880181
86) 25 3.7969999999999997 -3.401 -0.9267750171779865
86) 26 3.264 -3.401 -0.9999989147872683
86) 27 3.7969999999999997 -3.9339999999999997 -0.7281949097892105
86) 28 3.264 -3.9339999999999997 -0.9213072048880181
86) 29 3.7969999999999997 -3.401 -0.9267750171779865
86) 30 3.264 -3.401 -0.9999989147872683
86) 31 3.7969999999999997 -3.9339999999999997 -0.7281949097892105
86) 32 3.264 -3.9339999999999997 -0.9213072048880181
86) 33 3.7969999999999997 -3.401 -0.9267750171779865
86) 34 3.264 -3.401 -0.9999989147872683
86) 35 3.7969999999999997 -3.9339999999999997 -0.7281949097892105
86) 36 3.264 -3.9339999999999997 -0.9213072048880181
86) 37 3.7969999999999997 -3.401 -0.9267750171779865
86) 38 3.264 -3.401 -0.9999989147872683
86) 39 3.7969999999999997 -3.9339999999999997 -0.7281949097892105
86) 40 3.264 -3.9339999999999997 -0.9213072048880181
86) 41 3.7969999999999997 -3.401 -0.9267750171779865
86) 42 3.264 -3.401 -0.9999989147872683
86) 43 3.7969999999999997 -3.9339999999999997 -0.7281949097892105
86) 44 3.264 -3.9339999999999997 -0.9213072048880181
86) 45 3.7969999999999997 -3.401 -0.9267750171779865
86) 46 3.264 -3.401 -0.9999989147872683
86) 47 3.7969999999999997 -3.9339999999999997 -0.7281949097892105
86) 48 3.264 -3.9339999999999997 -0.9213072048880181
86) 49 3.7969999999999997 -3.401 -0.9267750171779865
87) 0 -6.0 8.0 -0.5440211108893698
87) 1 -5.467 7.467 0.16954107778251107
87) 2 -4.933999999999999 6.933999999999999 0.7922618575694959
87) 3 -4.400999999999999 6.400999999999999 0.9963046287878826
87) 4 -3.867999999999999 6.933999999999999 0.9963125408415431
88) 0 5.0 1.0 -0.9261848392897116
88) 1 5.0 0.46699999999999997 -0.9525247874509208
88) 2 5.0 -0.06600000000000006 -0.9588006258322558
88) 3 4.467 -0.06600000000000006 -0.9701612286880945
88) 4 4.467 -0.5990000000000001 -0.9789781291763253
88) 5 4.467 -1.1320000000000001 -0.9945773013411441
88) 6 4.467 -1.665 -0.9984975730796931
88) 7 5.0 -2.198 -0.7320936586183415
88) 8 4.467 -2.198 -0.9648053890181639
88) 9 3.9339999999999997 -2.198 -0.978857344485963
88) 10 3.9339999999999997 -2.731 -0.9970652444857938
88) 11 3.401 -3.264 -0.9999989147872683
88) 12 3.9339999999999997 -3.7969999999999997 -0.7281949097892105
88) 13 3.401 -3.7969999999999997 -0.9267750171779865
88) 14 2.868 -3.7969999999999997 -0.9989404110120759
88) 15 3.401 -3.264 -0.9999989147872683
88) 16 3.9339999999999997 -3.7969999999999997 -0.7281949097892105
88) 17 3.401 -3.7969999999999997 -0.9267750171779865
88) 18 2.868 -3.7969999999999997 -0.9989404110120759
88) 19 3.401 -3.264 -0.9999989147872683
88) 20 3.9339999999999997 -3.7969999999999997 -0.7281949097892105
88) 21 3.401 -3.7969999999999997 -0.9267750171779865
88) 22 2.868 -3.7969999999999997 -0.9989404110120759
88) 23 3.401 -3.264 -0.9999989147872683
88) 24 3.9339999999999997 -3.7969999999999997 -0.7281949097892105
88) 25 3.401 -3.7969999999999997 -0.9267750171779865
88) 26 2.868 -3.7969999999999997 -0.9989404110120759
88) 27 3.401 -3.264 -0.9999989147872683
88) 28 3.9339999999999997 -3.7969999999999997 -0.7281949097892105
88) 29 3.401 -3.7969999999999997 -0.9267750171779865
88) 30 2.868 -3.7969999999999997 -0.9989404110120759
88) 31 3.401 -3.264 -0.9999989147872683
88) 32 3.9339999999999997 -3.7969999999999997 -0.7281949097892105
88) 33 3.401 -3.7969999999999997 -0.9267750171779865
88) 34 2.868 -3.7969999999999997 -0.9989404110120759
88) 35 3.401 -3.264 -0.9999989147872683
88) 36 3.9339999999999997 -3.7969999999999997 -0.7281949097892105
88) 37 3.401 -3.7969999999999997 -0.9267750171779865
88) 38 2.868 -3.7969999999999997 -0.9989404110120759
88) 39 3.401 -3.264 -0.9999989147872683
88) 40 3.9339999999999997 -3.7969999999999997 -0.7281949097892105
88) 41 3.401 -3.7969999999999997 -0.9267750171779865
88) 42 2.868 -3.7969999999999997 -0.9989404110120759
88) 43 3.401 -3.264 -0.9999989147872683
88) 44 3.9339999999999997 -3.7969999999999997 -0.7281949097892105
88) 45 3.401 -3.7969999999999997 -0.9267750171779865
88) 46 2.868 -3.7969999999999997 -0.9989404110120759
88) 47 3.401 -3.264 -0.9999989147872683
88) 48 3.9339999999999997 -3.7969999999999997 -0.7281949097892105
88) 49 3.401 -3.7969999999999997 -0.9267750171779865
89) 0 3.0 -7.0 0.9717622535057333
89) 1 3.533 -7.0 0.9999164072910056
90) 0 2.0 7.0 0.8398053526495963
90) 1 2.0 7.533 0.9982003063846395
91) 0 -3.0 -8.0 0.7712319401165738
91) 1 -2.467 -7.467 0.9999500189418271
92) 0 -6.0 8.0 -0.5440211108893698
92) 1 -5.467 7.467 0.16954107778251107
92) 2 -4.933999999999999 6.933999999999999 0.7922618575694959
92) 3 -4.400999999999999 6.400999999999999 0.9963046287878826
92) 4 -3.867999999999999 6.933999999999999 0.9963125408415431
93) 0 4.0 -3.0 -0.9589242746631385
93) 1 3.467 -3.0 -0.9918673700429614
93) 2 4.0 -2.467 -0.9999180163057412
93) 3 3.467 -1.9340000000000002 -0.7368168499645235
93) 4 3.467 -2.467 -0.8972684221513623
93) 5 3.467 -3.0 -0.9918673700429614
93) 6 4.0 -2.467 -0.9999180163057412
93) 7 3.467 -1.9340000000000002 -0.7368168499645235
93) 8 3.467 -2.467 -0.8972684221513623
93) 9 3.467 -3.0 -0.9918673700429614
93) 10 4.0 -2.467 -0.9999180163057412
93) 11 3.467 -1.9340000000000002 -0.7368168499645235
93) 12 3.467 -2.467 -0.8972684221513623
93) 13 3.467 -3.0 -0.9918673700429614
93) 14 4.0 -2.467 -0.9999180163057412
93) 15 3.467 -1.9340000000000002 -0.7368168499645235
93) 16 3.467 -2.467 -0.8972684221513623
93) 17 3.467 -3.0 -0.9918673700429614
93) 18 4.0 -2.467 -0.9999180163057412
93) 19 3.467 -1.9340000000000002 -0.7368168499645235
93) 20 3.467 -2.467 -0.8972684221513623
93) 21 3.467 -3.0 -0.9918673700429614
93) 22 4.0 -2.467 -0.9999180163057412
93) 23 3.467 -1.9340000000000002 -0.7368168499645235
93) 24 3.467 -2.467 -0.8972684221513623
93) 25 3.467 -3.0 -0.9918673700429614
93) 26 4.0 -2.467 -0.9999180163057412
93) 27 3.467 -1.9340000000000002 -0.7368168499645235
93) 28 3.467 -2.467 -0.8972684221513623
93) 29 3.467 -3.0 -0.9918673700429614
93) 30 4.0 -2.467 -0.9999180163057412
93) 31 3.467 -1.9340000000000002 -0.7368168499645235
93) 32 3.467 -2.467 -0.8972684221513623
93) 33 3.467 -3.0 -0.9918673700429614
93) 34 4.0 -2.467 -0.9999180163057412
93) 35 3.467 -1.9340000000000002 -0.7368168499645235
93) 36 3.467 -2.467 -0.8972684221513623
93) 37 3.467 -3.0 -0.9918673700429614
93) 38 4.0 -2.467 -0.9999180163057412
93) 39 3.467 -1.9340000000000002 -0.7368168499645235
93) 40 3.467 -2.467 -0.8972684221513623
93) 41 3.467 -3.0 -0.9918673700429614
93) 42 4.0 -2.467 -0.9999180163057412
93) 43 3.467 -1.9340000000000002 -0.7368168499645235
93) 44 3.467 -2.467 -0.8972684221513623
93) 45 3.467 -3.0 -0.9918673700429614
93) 46 4.0 -2.467 -0.9999180163057412
93) 47 3.467 -1.9340000000000002 -0.7368168499645235
93) 48 3.467 -2.467 -0.8972684221513623
93) 49 3.467 -3.0 -0.9918673700429614
94) 0 -8.0 1.0 0.9783888223346213
94) 1 -8.0 0.46699999999999997 0.9872849973895048
94) 2 -8.0 -0.06600000000000006 0.9893185982492736
95) 0 -3.0 0.0 0.1411200080598672
95) 1 -2.467 0.0 0.6245792467175791
95) 2 -1.9340000000000002 0.0 0.9347634512917475
95) 3 -1.4010000000000002 0.533 0.9974210939971624
96) 0 -5.0 2.0 -0.7820948988254615
96) 1 -5.0 1.467 -0.8783591969924625
96) 2 -5.0 0.934 -0.9308373984984648
96) 3 -5.0 0.401 -0.954246890548185
96) 4 -5.0 -0.132 -0.9584286528903964
96) 5 -4.467 -0.132 -0.9705147482604478
96) 6 -4.467 -0.665 -0.9808220202015859
96) 7 -4.467 -1.198 -0.9961714339598187
96) 8 -4.467 -1.7309999999999999 -0.9969381688439023
96) 9 -5.0 -2.264 -0.7135114841617762
96) 10 -4.467 -2.264 -0.9566324305908827
96) 11 -3.9339999999999997 -2.264 -0.984996838130971
96) 12 -3.9339999999999997 -2.7969999999999997 -0.9934436545873143
96) 13 -3.401 -3.3299999999999996 -0.9988762834263838
96) 14 -3.9339999999999997 -3.8629999999999995 -0.6958804484257212
96) 15 -3.401 -3.8629999999999995 -0.907117279517596
96) 16 -2.868 -3.8629999999999995 -0.9951165466721139
96) 17 -3.401 -3.3299999999999996 -0.9988762834263838
96) 18 -3.9339999999999997 -3.8629999999999995 -0.6958804484257212
96) 19 -3.401 -3.8629999999999995 -0.907117279517596
96) 20 -2.868 -3.8629999999999995 -0.9951165466721139
96) 21 -3.401 -3.3299999999999996 -0.9988762834263838
96) 22 -3.9339999999999997 -3.8629999999999995 -0.6958804484257212
96) 23 -3.401 -3.8629999999999995 -0.907117279517596
96) 24 -2.868 -3.8629999999999995 -0.9951165466721139
96) 25 -3.401 -3.3299999999999996 -0.9988762834263838
96) 26 -3.9339999999999997 -3.8629999999999995 -0.6958804484257212
96) 27 -3.401 -3.8629999999999995 -0.907117279517596
96) 28 -2.868 -3.8629999999999995 -0.9951165466721139
96) 29 -3.401 -3.3299999999999996 -0.9988762834263838
96) 30 -3.9339999999999997 -3.8629999999999995 -0.6958804484257212
96) 31 -3.401 -3.8629999999999995 -0.907117279517596
96) 32 -2.868 -3.8629999999999995 -0.9951165466721139
96) 33 -3.401 -3.3299999999999996 -0.9988762834263838
96) 34 -3.9339999999999997 -3.8629999999999995 -0.6958804484257212
96) 35 -3.401 -3.8629999999999995 -0.907117279517596
96) 36 -2.868 -3.8629999999999995 -0.9951165466721139
96) 37 -3.401 -3.3299999999999996 -0.9988762834263838
96) 38 -3.9339999999999997 -3.8629999999999995 -0.6958804484257212
96) 39 -3.401 -3.8629999999999995 -0.907117279517596
96) 40 -2.868 -3.8629999999999995 -0.9951165466721139
96) 41 -3.401 -3.3299999999999996 -0.9988762834263838
96) 42 -3.9339999999999997 -3.8629999999999995 -0.6958804484257212
96) 43 -3.401 -3.8629999999999995 -0.907117279517596
96) 44 -2.868 -3.8629999999999995 -0.9951165466721139
96) 45 -3.401 -3.3299999999999996 -0.9988762834263838
96) 46 -3.9339999999999997 -3.8629999999999995 -0.6958804484257212
96) 47 -3.401 -3.8629999999999995 -0.907117279517596
96) 48 -2.868 -3.8629999999999995 -0.9951165466721139
96) 49 -3.401 -3.3299999999999996 -0.9988762834263838
97) 0 7.0 3.0 0.9717622535057333
97) 1 7.0 3.533 0.9999164072910056
98) 0 7.0 -5.0 0.7328169085463447
98) 1 6.467 -4.467 0.9999831761114545
99) 0 -10.0 -5.0 -0.9829793407063873
99) 1 -9.467 -5.533 -0.9995422846992817
99) 2 -10.0 -5.533 -0.9076783930271917
99) 3 -9.467 -5.533 -0.9995422846992817
99) 4 -10.0 -5.533 -0.9076783930271917
99) 5 -9.467 -5.533 -0.9995422846992817
99) 6 -10.0 -5.533 -0.9076783930271917
99) 7 -9.467 -5.533 -0.9995422846992817
99) 8 -10.0 -5.533 -0.9076783930271917
99) 9 -9.467 -5.533 -0.9995422846992817
99) 10 -10.0 -5.533 -0.9076783930271917
99) 11 -9.467 -5.533 -0.9995422846992817
99) 12 -10.0 -5.533 -0.9076783930271917
99) 13 -9.467 -5.533 -0.9995422846992817
99) 14 -10.0 -5.533 -0.9076783930271917
99) 15 -9.467 -5.533 -0.9995422846992817
99) 16 -10.0 -5.533 -0.9076783930271917
99) 17 -9.467 -5.533 -0.9995422846992817
99) 18 -10.0 -5.533 -0.9076783930271917
99) 19 -9.467 -5.533 -0.9995422846992817
99) 20 -10.0 -5.533 -0.9076783930271917
99) 21 -9.467 -5.533 -0.9995422846992817
99) 22 -10.0 -5.533 -0.9076783930271917
99) 23 -9.467 -5.533 -0.9995422846992817
99) 24 -10.0 -5.533 -0.9076783930271917
99) 25 -9.467 -5.533 -0.9995422846992817
99) 26 -10.0 -5.533 -0.9076783930271917
99) 27 -9.467 -5.533 -0.9995422846992817
99) 28 -10.0 -5.533 -0.9076783930271917
99) 29 -9.467 -5.533 -0.9995422846992817
99) 30 -10.0 -5.533 -0.9076783930271917
99) 31 -9.467 -5.533 -0.9995422846992817
99) 32 -10.0 -5.533 -0.9076783930271917
99) 33 -9.467 -5.533 -0.9995422846992817
99) 34 -10.0 -5.533 -0.9076783930271917
99) 35 -9.467 -5.533 -0.9995422846992817
99) 36 -10.0 -5.533 -0.9076783930271917
99) 37 -9.467 -5.533 -0.9995422846992817
99) 38 -10.0 -5.533 -0.9076783930271917
99) 39 -9.467 -5.533 -0.9995422846992817
99) 40 -10.0 -5.533 -0.9076783930271917
99) 41 -9.467 -5.533 -0.9995422846992817
99) 42 -10.0 -5.533 -0.9076783930271917
99) 43 -9.467 -5.533 -0.9995422846992817
99) 44 -10.0 -5.533 -0.9076783930271917
99) 45 -9.467 -5.533 -0.9995422846992817
99) 46 -10.0 -5.533 -0.9076783930271917
99) 47 -9.467 -5.533 -0.9995422846992817
99) 48 -10.0 -5.533 -0.9076783930271917
99) 49 -9.467 -5.533 -0.9995422846992817
END
TOTAL TIME: 144757065
POINT TIME: 75141756
BEST: -10.0 -5.533 -0.9076783930271917
