-10
10
-10
10
0
0
0
0) 0 -10.0 -7.0 -0.35210108504889737
0) 1 -9.867 -7.0 -0.45157734949724637
0) 2 -9.734000000000002 -7.0 -0.5453111597310788
0) 3 -9.601000000000003 -7.0 -0.6322742567720925
0) 4 -9.468000000000004 -7.0 -0.7115441301515465
0) 5 -9.335000000000004 -7.0 -0.782313001200986
0) 6 -9.202000000000005 -7.0 -0.8438949331732533
0) 7 -9.069000000000006 -7.0 -0.8957310277183723
0) 8 -8.936000000000007 -7.0 -0.9373926979117672
0) 9 -8.803000000000008 -7.0 -0.9685830378120291
0) 10 -8.670000000000009 -7.0 -0.9891363369487305
0) 11 -8.53700000000001 -7.0 -0.9990158147824918
0) 12 -8.40400000000001 -7.133 -0.9996234708826894
0) 13 -8.271000000000011 -7.266 -0.9999061087644544
0) 14 -8.138000000000012 -7.399 -0.9999949944005935
0) 15 -8.271000000000011 -7.532 -0.9818062233217437
0) 16 -8.138000000000012 -7.532 -0.9956719626339264
0) 17 -8.005000000000013 -7.532 -0.9999913208806425
0) 18 -8.138000000000012 -7.399 -0.9999949944005935
0) 19 -8.271000000000011 -7.532 -0.9818062233217437
0) 20 -8.138000000000012 -7.532 -0.9956719626339264
0) 21 -8.005000000000013 -7.532 -0.9999913208806425
0) 22 -8.138000000000012 -7.399 -0.9999949944005935
0) 23 -8.271000000000011 -7.532 -0.9818062233217437
0) 24 -8.138000000000012 -7.532 -0.9956719626339264
0) 25 -8.005000000000013 -7.532 -0.9999913208806425
0) 26 -8.138000000000012 -7.399 -0.9999949944005935
0) 27 -8.271000000000011 -7.532 -0.9818062233217437
0) 28 -8.138000000000012 -7.532 -0.9956719626339264
0) 29 -8.005000000000013 -7.532 -0.9999913208806425
0) 30 -8.138000000000012 -7.399 -0.9999949944005935
0) 31 -8.271000000000011 -7.532 -0.9818062233217437
0) 32 -8.138000000000012 -7.532 -0.9956719626339264
0) 33 -8.005000000000013 -7.532 -0.9999913208806425
0) 34 -8.138000000000012 -7.399 -0.9999949944005935
0) 35 -8.271000000000011 -7.532 -0.9818062233217437
0) 36 -8.138000000000012 -7.532 -0.9956719626339264
0) 37 -8.005000000000013 -7.532 -0.9999913208806425
0) 38 -8.138000000000012 -7.399 -0.9999949944005935
0) 39 -8.271000000000011 -7.532 -0.9818062233217437
0) 40 -8.138000000000012 -7.532 -0.9956719626339264
0) 41 -8.005000000000013 -7.532 -0.9999913208806425
0) 42 -8.138000000000012 -7.399 -0.9999949944005935
0) 43 -8.271000000000011 -7.532 -0.9818062233217437
0) 44 -8.138000000000012 -7.532 -0.9956719626339264
0) 45 -8.005000000000013 -7.532 -0.9999913208806425
0) 46 -8.138000000000012 -7.399 -0.9999949944005935
0) 47 -8.271000000000011 -7.532 -0.9818062233217437
0) 48 -8.138000000000012 -7.532 -0.9956719626339264
0) 49 -8.005000000000013 -7.532 -0.9999913208806425
1) 0 -5.0 -4.0 0.11965157649377203
1) 1 -5.133 -4.133 0.3021160537981428
1) 2 -5.266 -4.266 0.4741041113697568
1) 3 -5.399 -4.399 0.6295995673069064
1) 4 -5.532 -4.532 0.7631550924558556
1) 5 -5.665 -4.665 0.8700845431855192
1) 6 -5.798 -4.798 0.9466287736764334
1) 7 -5.931 -4.931 0.9900890387175885
1) 8 -6.064 -4.931 0.9992714809426456
1) 9 -6.197 -4.798 0.9998612281791419
1) 10 -6.33 -4.665 0.9999567985019309
2) 0 -7.0 0.0 0.6569865987187891
2) 1 -7.133 0.133 0.7519759568004343
2) 2 -7.266 0.266 0.8347518933797182
2) 3 -7.399 0.399 0.9029413493165264
2) 4 -7.532 0.532 0.9543808873516418
2) 5 -7.665 0.665 0.9871972054507777
2) 6 -7.798 0.798 0.9998836182354117
2) 7 -7.798 0.931 0.999999818542067
3) 0 -3.0 -5.0 -0.43697551727207756
3) 1 -2.867 -5.0 -0.4964747306449385
3) 2 -2.734 -5.0 -0.5518013528464424
3) 3 -2.601 -5.0 -0.602893382256955
3) 4 -2.468 -5.0 -0.6497478961319498
3) 5 -2.335 -5.0 -0.6924156803784842
3) 6 -2.202 -5.0 -0.7309953205969166
3) 7 -2.069 -5.0 -0.7656268938330602
3) 8 -1.936 -5.0 -0.7964853971764011
3) 9 -1.803 -5.0 -0.8237740432561307
3) 10 -1.67 -5.0 -0.8477175441962771
3) 11 -1.537 -5.0 -0.8685554951259119
3) 12 -1.404 -5.0 -0.8865359563813728
3) 13 -1.271 -5.0 -0.9019093205990756
3) 14 -1.138 -5.0 -0.9149225375078056
3) 15 -1.005 -5.0 -0.9258137559091382
3) 16 -0.8719999999999999 -5.0 -0.9348074295750043
3) 17 -0.7389999999999999 -5.0 -0.9421099220314937
3) 18 -0.6059999999999999 -5.0 -0.9479056348035508
3) 19 -0.47299999999999986 -5.0 -0.9523536749399346
3) 20 -0.33999999999999986 -5.0 -0.9555850706882245
3) 21 -0.20699999999999985 -5.0 -0.9577005390957928
3) 22 -0.07399999999999984 -5.0 -0.9587688060047364
3) 23 0.05900000000000016 -5.0 -0.9588254772012575
3) 24 0.19200000000000017 -4.867 -0.9874814516138073
3) 25 0.3250000000000002 -4.734 -0.9994636388170813
3) 26 0.19200000000000017 -4.734 -0.9996748172454422
3) 27 0.05900000000000016 -4.734 -0.9997584788689768
3) 28 0.19200000000000017 -4.867 -0.9874814516138073
3) 29 0.3250000000000002 -4.734 -0.9994636388170813
3) 30 0.19200000000000017 -4.734 -0.9996748172454422
3) 31 0.05900000000000016 -4.734 -0.9997584788689768
3) 32 0.19200000000000017 -4.867 -0.9874814516138073
3) 33 0.3250000000000002 -4.734 -0.9994636388170813
3) 34 0.19200000000000017 -4.734 -0.9996748172454422
3) 35 0.05900000000000016 -4.734 -0.9997584788689768
3) 36 0.19200000000000017 -4.867 -0.9874814516138073
3) 37 0.3250000000000002 -4.734 -0.9994636388170813
3) 38 0.19200000000000017 -4.734 -0.9996748172454422
3) 39 0.05900000000000016 -4.734 -0.9997584788689768
3) 40 0.19200000000000017 -4.867 -0.9874814516138073
3) 41 0.3250000000000002 -4.734 -0.9994636388170813
3) 42 0.19200000000000017 -4.734 -0.9996748172454422
3) 43 0.05900000000000016 -4.734 -0.9997584788689768
3) 44 0.19200000000000017 -4.867 -0.9874814516138073
3) 45 0.3250000000000002 -4.734 -0.9994636388170813
3) 46 0.19200000000000017 -4.734 -0.9996748172454422
3) 47 0.05900000000000016 -4.734 -0.9997584788689768
3) 48 0.19200000000000017 -4.867 -0.9874814516138073
3) 49 0.3250000000000002 -4.734 -0.9994636388170813
4) 0 9.0 -2.0 0.2037957684966491
4) 1 8.867 -1.867 0.3554125950511085
4) 2 8.734000000000002 -1.734 0.4971509729462436
4) 3 8.601000000000003 -1.601 0.6257095338198441
4) 4 8.468000000000004 -1.468 0.7382516725937801
4) 5 8.335000000000004 -1.335 0.8324656079953761
4) 6 8.202000000000005 -1.202 0.906605723842682
4) 7 8.069000000000006 -1.069 0.9595147128727054
4) 8 7.936000000000006 -0.9359999999999999 0.990626711826847
4) 9 7.803000000000006 -0.9359999999999999 0.999987717712215
5) 0 -1.0 -5.0 -0.9261848392897116
5) 1 -0.867 -5.0 -0.9351113277227946
5) 2 -0.734 -5.0 -0.9423539871556179
5) 3 -0.601 -5.0 -0.948096325068612
5) 4 -0.46799999999999997 -5.0 -0.9524964398389777
5) 5 -0.33499999999999996 -5.0 -0.9556842571224976
5) 6 -0.20199999999999996 -5.0 -0.9577593182280258
5) 7 -0.06899999999999995 -5.0 -0.9587891208610202
5) 8 0.06400000000000006 -5.0 -0.9588080109600848
5) 9 0.19700000000000006 -4.867 -0.9874499392089775
5) 10 0.33000000000000007 -4.734 -0.9994522787063239
5) 11 0.19700000000000006 -4.734 -0.9996695621298468
5) 12 0.06400000000000006 -4.734 -0.9997570493575668
5) 13 0.19700000000000006 -4.867 -0.9874499392089775
5) 14 0.33000000000000007 -4.734 -0.9994522787063239
5) 15 0.19700000000000006 -4.734 -0.9996695621298468
5) 16 0.06400000000000006 -4.734 -0.9997570493575668
5) 17 0.19700000000000006 -4.867 -0.9874499392089775
5) 18 0.33000000000000007 -4.734 -0.9994522787063239
5) 19 0.19700000000000006 -4.734 -0.9996695621298468
5) 20 0.06400000000000006 -4.734 -0.9997570493575668
5) 21 0.19700000000000006 -4.867 -0.9874499392089775
5) 22 0.33000000000000007 -4.734 -0.9994522787063239
5) 23 0.19700000000000006 -4.734 -0.9996695621298468
5) 24 0.06400000000000006 -4.734 -0.9997570493575668
5) 25 0.19700000000000006 -4.867 -0.9874499392089775
5) 26 0.33000000000000007 -4.734 -0.9994522787063239
5) 27 0.19700000000000006 -4.734 -0.9996695621298468
5) 28 0.06400000000000006 -4.734 -0.9997570493575668
5) 29 0.19700000000000006 -4.867 -0.9874499392089775
5) 30 0.33000000000000007 -4.734 -0.9994522787063239
5) 31 0.19700000000000006 -4.734 -0.9996695621298468
5) 32 0.06400000000000006 -4.734 -0.9997570493575668
5) 33 0.19700000000000006 -4.867 -0.9874499392089775
5) 34 0.33000000000000007 -4.734 -0.9994522787063239
5) 35 0.19700000000000006 -4.734 -0.9996695621298468
5) 36 0.06400000000000006 -4.734 -0.9997570493575668
5) 37 0.19700000000000006 -4.867 -0.9874499392089775
5) 38 0.33000000000000007 -4.734 -0.9994522787063239
5) 39 0.19700000000000006 -4.734 -0.9996695621298468
5) 40 0.06400000000000006 -4.734 -0.9997570493575668
5) 41 0.19700000000000006 -4.867 -0.9874499392089775
5) 42 0.33000000000000007 -4.734 -0.9994522787063239
5) 43 0.19700000000000006 -4.734 -0.9996695621298468
5) 44 0.06400000000000006 -4.734 -0.9997570493575668
5) 45 0.19700000000000006 -4.867 -0.9874499392089775
5) 46 0.33000000000000007 -4.734 -0.9994522787063239
5) 47 0.19700000000000006 -4.734 -0.9996695621298468
5) 48 0.06400000000000006 -4.734 -0.9997570493575668
5) 49 0.19700000000000006 -4.867 -0.9874499392089775
6) 0 8.0 -1.0 0.9783888223346213
6) 1 7.867 -0.867 0.9981614133528478
6) 2 7.867 -0.734 0.9988869621096611
6) 3 7.867 -0.601 0.9993541671211854
6) 4 7.867 -0.46799999999999997 0.9996375037291647
6) 5 7.867 -0.33499999999999996 0.9997970403821872
6) 6 7.867 -0.20199999999999996 0.9998781460778613
6) 7 7.867 -0.06899999999999995 0.9999112774133465
6) 8 7.867 0.06400000000000006 0.9999118394957256
7) 0 2.0 9.0 0.2037957684966491
7) 1 1.867 8.867 0.3554125950511085
7) 2 1.734 8.734000000000002 0.4971509729462436
7) 3 1.601 8.601000000000003 0.6257095338198441
7) 4 1.468 8.468000000000004 0.7382516725937801
7) 5 1.335 8.335000000000004 0.8324656079953761
7) 6 1.202 8.202000000000005 0.906605723842682
7) 7 1.069 8.069000000000006 0.9595147128727054
7) 8 0.9359999999999999 7.936000000000006 0.990626711826847
7) 9 0.9359999999999999 7.803000000000006 0.999987717712215
8) 0 8.0 -2.0 0.9240590869570797
8) 1 7.867 -1.867 0.9733181581144525
8) 2 7.734 -1.734 0.9974076347552858
8) 3 7.601 -1.867 0.9996342249575645
8) 4 7.601 -2.0 0.9999835347023427
9) 0 5.0 5.0 0.7088612918380416
9) 1 5.133 5.133 0.8282474615090193
9) 2 5.266 5.266 0.9184181770877425
9) 3 5.399 5.399 0.9761927727419762
9) 4 5.532 5.532 0.9995333176292167
9) 5 5.665 5.399 0.9995998220751898
9) 6 5.798 5.266 0.9997685976082227
9) 7 5.931 5.133 0.999947680725705
9) 8 6.064 5.0 0.9999846487107472
END
TOTAL TIME: 71348602
POINT TIME: 59731826
BEST: 6.064 5.0 0.9999846487107472
