-10
10
-10
10
1
0
0
0) 0 1.0 -9.0 0.36104927727853203
1) 0 -10.0 0.0 -0.5440211108893698
2) 0 -1.0 -3.0 -0.020683531529582487
3) 0 -7.0 2.0 0.8398053526495963
4) 0 2.0 -2.0 0.30807174236304485
5) 0 9.0 -5.0 -0.7648781678542789
6) 0 -3.0 -2.0 -0.44749175223692067
7) 0 -1.0 -1.0 0.9877659459927356
8) 0 3.0 -7.0 0.9717622535057333
9) 0 7.0 -8.0 -0.9339707316330099
10) 0 2.0 7.0 0.8398053526495963
11) 0 -10.0 -5.0 -0.9829793407063873
12) 0 -7.0 -5.0 0.7328169085463447
13) 0 -4.0 -2.0 -0.9712777989606532
14) 0 -8.0 6.0 -0.5440211108893698
15) 0 -7.0 -4.0 0.9783888223346213
16) 0 -10.0 2.0 -0.6984726873116567
17) 0 8.0 4.0 0.4622279808582701
18) 0 7.0 -6.0 0.2037957684966491
19) 0 4.0 5.0 0.11965157649377203
20) 0 3.0 -2.0 -0.44749175223692067
21) 0 0.0 -7.0 0.6569865987187891
22) 0 5.0 3.0 -0.43697551727207756
23) 0 5.0 2.0 -0.7820948988254615
24) 0 -5.0 -10.0 -0.9829793407063873
25) 0 5.0 5.0 0.7088612918380416
26) 0 7.0 2.0 0.8398053526495963
27) 0 1.0 9.0 0.36104927727853203
28) 0 -8.0 3.0 0.7712319401165738
29) 0 9.0 0.0 0.4121184852417566
30) 0 -7.0 2.0 0.8398053526495963
31) 0 -4.0 -3.0 -0.9589242746631385
32) 0 -2.0 0.0 0.9092974268256817
33) 0 -8.0 -6.0 -0.5440211108893698
34) 0 9.0 3.0 -0.06201520022829486
35) 0 5.0 -9.0 -0.7648781678542789
36) 0 -4.0 -1.0 -0.8313391791635062
37) 0 2.0 0.0 0.9092974268256817
38) 0 -5.0 -9.0 -0.7648781678542789
39) 0 4.0 0.0 -0.7568024953079282
40) 0 -6.0 -8.0 -0.5440211108893698
41) 0 -2.0 9.0 0.2037957684966491
42) 0 3.0 3.0 -0.8916822544789358
43) 0 6.0 -10.0 -0.786095708473608
44) 0 4.0 5.0 0.11965157649377203
45) 0 -2.0 3.0 -0.44749175223692067
46) 0 -8.0 6.0 -0.5440211108893698
47) 0 7.0 -8.0 -0.9339707316330099
48) 0 6.0 0.0 -0.27941549819892586
49) 0 1.0 -8.0 0.9783888223346213
END
TOTAL TIME: 72479346
POINT TIME: 67148627
BEST: -1.0 -1.0 0.9877659459927356
