-10
10
-10
10
0
0
0
0) 0 -1.0 -3.0 -0.020683531529582487
0) 1 -0.867 -2.867 0.14584473679481352
0) 2 -0.734 -2.734 0.30579939279686785
0) 3 -0.601 -2.601 0.45472238563297945
0) 4 -0.46799999999999997 -2.468 0.5888310065195611
0) 5 -0.33499999999999996 -2.335 0.7051849810926119
0) 6 -0.20199999999999996 -2.202 0.8018272519030399
0) 7 -0.06899999999999995 -2.069 0.8778921310850526
0) 8 0.06400000000000006 -1.936 0.933672821166977
0) 9 0.06400000000000006 -1.803 0.9728997055021533
1) 0 -10.0 0.0 -0.5440211108893698
1) 1 -10.0 -0.133 -0.5447629820292461
1) 2 -10.0 -0.266 -0.5469856437650001
1) 3 -10.0 -0.399 -0.5506802141560934
1) 4 -10.0 -0.532 -0.5558318008285061
1) 5 -10.0 -0.665 -0.5624193689796679
1) 6 -10.0 -0.798 -0.5704155600136608
1) 7 -10.0 -0.931 -0.5797864642325279
1) 8 -10.0 -1.064 -0.5904913519832374
1) 9 -10.0 -1.197 -0.6024823686276002
2) 0 4.0 -9.0 -0.41148230684214054
2) 1 4.0 -9.133 -0.519070485226868
2) 2 4.0 -9.265999999999998 -0.6192066330096389
2) 3 4.0 -9.398999999999997 -0.7103364667801646
2) 4 4.0 -9.531999999999996 -0.7910270054677381
2) 5 4.0 -9.664999999999996 -0.859990938279571
2) 6 4.0 -9.797999999999995 -0.9161089829344053
2) 7 4.0 -9.930999999999994 -0.9584498274968046
2) 8 4.0 -10.063999999999993 -0.9862872846057245
2) 9 4.0 -10.196999999999992 -0.9991143293516072
3) 0 1.0 5.0 -0.9261848392897116
3) 1 1.0 4.867 -0.9673391809324549
3) 2 1.0 4.734 -0.9920627787088098
3) 3 1.0 4.601 -0.9999921160629861
3) 4 0.867 4.468 -0.9870599216525984
3) 5 1.0 4.468 -0.9910555248216171
3) 6 1.133 4.468 -0.9947029337998253
3) 7 1.266 4.468 -0.997655345936939
3) 8 1.399 4.468 -0.999535368757978
3) 9 1.532 4.468 -0.999939913799567
4) 0 0.0 -3.0 0.1411200080598672
4) 1 0.0 -2.867 0.271154873988568
4) 2 0.0 -2.734 0.3964003475633013
4) 3 0.0 -2.601 0.5146442254602457
4) 4 0.0 -2.468 0.6237979731221098
4) 5 0.0 -2.335 0.7219336144193528
4) 6 0.0 -2.202 0.8073177853774789
4) 7 0.0 -2.069 0.8784423504814541
4) 8 0.0 -1.936 0.9340510407832876
4) 9 0.0 -1.803 0.9731616433054727
5) 0 6.0 -1.0 -0.19908366251892284
5) 1 5.867 -1.0 -0.3255307558597626
5) 2 5.734 -1.0 -0.4463114956206333
5) 3 5.601 -1.0 -0.5593619076384542
5) 4 5.468 -1.0 -0.6627583042731371
5) 5 5.335 -1.0 -0.7547504595455555
5) 6 5.202 -1.0 -0.8337916138709114
5) 7 5.069 -1.0 -0.8985647803107767
5) 8 4.936 -1.0 -0.9480048902551333
5) 9 4.803 -1.0 -0.9813163904681964
6) 0 9.0 2.0 0.2037957684966491
6) 1 8.867 1.867 0.3554125950511085
6) 2 8.734000000000002 1.734 0.4971509729462436
6) 3 8.601000000000003 1.601 0.6257095338198441
6) 4 8.468000000000004 1.468 0.7382516725937801
6) 5 8.335000000000004 1.335 0.8324656079953761
6) 6 8.202000000000005 1.202 0.906605723842682
6) 7 8.069000000000006 1.069 0.9595147128727054
6) 8 7.936000000000006 0.9359999999999999 0.990626711826847
6) 9 7.803000000000006 0.9359999999999999 0.999987717712215
7) 0 2.0 4.0 -0.9712777989606532
7) 1 2.133 4.0 -0.9839843734487556
7) 2 2.266 4.0 -0.9933794323910409
7) 3 2.399 4.0 -0.9988414034191234
7) 4 2.532 4.0 -0.9997658789340654
7) 5 2.665 3.867 -0.999871737796691
7) 6 2.532 3.734 -0.979892844762554
7) 7 2.665 3.734 -0.992209122984405
7) 8 2.798 3.734 -0.9989242440636618
7) 9 2.931 3.734 -0.9994028903796817
8) 0 0.0 1.0 0.8414709848078965
8) 1 0.133 1.133 0.9089587591351166
8) 2 0.266 1.266 0.961838215129329
8) 3 0.399 1.399 0.9932783335057668
8) 4 0.399 1.532 0.9999242354025187
9) 0 -4.0 -1.0 -0.8313391791635062
9) 1 -4.0 -1.133 -0.8498881368815027
9) 2 -4.0 -1.266 -0.8693923318186322
9) 3 -4.0 -1.399 -0.8893863633215323
9) 4 -4.0 -1.532 -0.9093628807916571
9) 5 -4.0 -1.665 -0.9287772043963435
9) 6 -4.0 -1.798 -0.9470529607768331
9) 7 -4.0 -1.931 -0.963588764425766
9) 8 -4.0 -2.064 -0.9777659392912563
9) 9 -4.0 -2.197 -0.9889572371417297
10) 0 -9.0 9.0 0.16084964506716973
10) 1 -9.133 9.133 0.3425613498797863
10) 2 -9.265999999999998 9.265999999999998 0.5121896063797956
10) 3 -9.398999999999997 9.398999999999997 0.663750977525931
10) 4 -9.531999999999996 9.531999999999996 0.79189931438728
10) 5 -9.664999999999996 9.664999999999996 0.8921143352526859
10) 6 -9.797999999999995 9.797999999999995 0.9608610732462893
10) 7 -9.930999999999994 9.930999999999994 0.9957145681222909
11) 0 1.0 2.0 0.786749131547214
11) 1 0.867 1.867 0.8834162786908029
11) 2 0.734 1.734 0.9516734438607605
11) 3 0.601 1.601 0.990314548018188
11) 4 0.601 1.468 0.999880419255651
12) 0 -8.0 -2.0 0.9240590869570797
12) 1 -7.867 -1.867 0.9733181581144525
12) 2 -7.734 -1.734 0.9974076347552858
12) 3 -7.601 -1.867 0.9996342249575645
12) 4 -7.601 -2.0 0.9999835347023427
13) 0 -7.0 -5.0 0.7328169085463447
13) 1 -6.867 -4.867 0.8457275450107434
13) 2 -6.734 -4.734 0.929584060704719
13) 3 -6.601 -4.601 0.9815701856343443
13) 4 -6.468 -4.468 0.9999741390076182
14) 0 -7.0 -8.0 -0.9339707316330099
14) 1 -7.0 -8.133 -0.9650981688519943
14) 2 -7.0 -8.265999999999998 -0.9866103950945913
14) 3 -7.0 -8.398999999999997 -0.9980790527790956
14) 4 -7.0 -8.531999999999996 -0.9991798250745794
14) 5 -7.133 -8.398999999999997 -0.9997207957333581
14) 6 -7.266 -8.265999999999998 -0.9999505230430998
14) 7 -7.399 -8.133 -0.9999998569134108
14) 8 -7.266 -7.999999999999999 -0.9823028985846982
14) 9 -7.266 -8.133 -0.9959893014623509
15) 0 1.0 -1.0 0.9877659459927356
15) 1 1.133 -1.133 0.9995036753923322
16) 0 9.0 0.0 0.4121184852417566
16) 1 8.867 0.0 0.5293022540207822
16) 2 8.734000000000002 0.0 0.6371369886812039
16) 3 8.601000000000003 0.0 0.733718010741393
16) 4 8.468000000000004 0.0 0.8173394153736423
16) 5 8.335000000000004 0.0 0.886524202699312
16) 6 8.202000000000005 0.0 0.9400503659495236
16) 7 8.069000000000006 0.0 0.9769724756977768
16) 8 7.936000000000006 0.0 0.9966383789234768
16) 9 7.803000000000006 0.133 0.9987578336337117
17) 0 -6.0 -5.0 0.9990439103118804
17) 1 -6.133 -4.867 0.9997008206677722
17) 2 -6.266 -4.734 0.9999997312571713
18) 0 -7.0 1.0 0.7088612918380416
18) 1 -7.133 1.133 0.8071076125648302
18) 2 -7.266 1.266 0.8876798093045365
18) 3 -7.399 1.399 0.9480071530661819
18) 4 -7.532 1.532 0.9859617511310689
18) 5 -7.665 1.665 0.999947680725705
19) 0 -1.0 8.0 0.9783888223346213
19) 1 -0.867 7.867 0.9981614133528478
19) 2 -0.734 7.867 0.9988869621096611
19) 3 -0.601 7.867 0.9993541671211854
19) 4 -0.46799999999999997 7.867 0.9996375037291647
19) 5 -0.33499999999999996 7.867 0.9997970403821872
19) 6 -0.20199999999999996 7.867 0.9998781460778613
19) 7 -0.06899999999999995 7.867 0.9999112774133465
19) 8 0.06400000000000006 7.867 0.9999118394957256
20) 0 8.0 0.0 0.9893582466233818
20) 1 7.867 0.0 0.999915262269787
21) 0 -4.0 -8.0 0.4622279808582701
21) 1 -3.867 -7.867 0.6121229386862422
21) 2 -3.734 -7.734 0.7423417002063519
21) 3 -3.601 -7.601 0.8489143000737569
21) 4 -3.468 -7.468 0.928673769788978
21) 5 -3.335 -7.335 0.9793471743352986
21) 6 -3.202 -7.202 0.9996151440257512
21) 7 -3.069 -7.202 0.999678854454853
22) 0 -5.0 1.0 -0.9261848392897116
22) 1 -5.0 0.867 -0.9351113277227946
22) 2 -5.0 0.734 -0.9423539871556179
22) 3 -5.0 0.601 -0.948096325068612
22) 4 -5.0 0.46799999999999997 -0.9524964398389777
22) 5 -5.0 0.33499999999999996 -0.9556842571224976
22) 6 -5.0 0.20199999999999996 -0.9577593182280258
22) 7 -5.0 0.06899999999999995 -0.9587891208610202
22) 8 -5.0 -0.06400000000000006 -0.9588080109600848
22) 9 -4.867 -0.06400000000000006 -0.988006621833284
23) 0 -9.0 -3.0 -0.06201520022829486
23) 1 -8.867 -2.867 0.10560124779334415
23) 2 -8.734000000000002 -2.734 0.26949148088321784
23) 3 -8.601000000000003 -2.601 0.42512533925031776
23) 4 -8.468000000000004 -2.468 0.5683160198425456
23) 5 -8.335000000000004 -2.335 0.6953357034941545
23) 6 -8.202000000000005 -2.202 0.8030129753225485
23) 7 -8.069000000000006 -2.069 0.8888094135533615
23) 8 -7.936000000000006 -1.936 0.9508735097582026
23) 9 -7.803000000000006 -1.803 0.9880709135557465
24) 0 3.0 7.0 0.9717622535057333
24) 1 3.133 7.133 0.9979998930429005
24) 2 3.0 7.266 0.9999756229413937
25) 0 7.0 -10.0 -0.35210108504889737
25) 1 7.0 -10.133 -0.24800558896106983
25) 2 7.0 -10.265999999999998 -0.14049656337334435
25) 3 7.0 -10.398999999999997 -0.03084813964797542
25) 4 7.133 -10.398999999999997 0.04388451547727414
25) 5 7.266 -10.398999999999997 0.11931924463378188
25) 6 7.399 -10.398999999999997 0.19498950565467976
25) 7 7.532 -10.398999999999997 0.27040096375798334
25) 8 7.665 -10.398999999999997 0.3450347718668027
25) 9 7.798 -10.398999999999997 0.4183513390792988
26) 0 3.0 -9.0 -0.06201520022829486
26) 1 2.867 -8.867 0.10560124779334415
26) 2 2.734 -8.734000000000002 0.26949148088321784
26) 3 2.601 -8.601000000000003 0.42512533925031776
26) 4 2.468 -8.468000000000004 0.5683160198425456
26) 5 2.335 -8.335000000000004 0.6953357034941545
26) 6 2.202 -8.202000000000005 0.8030129753225485
26) 7 2.069 -8.069000000000006 0.8888094135533615
26) 8 1.936 -7.936000000000006 0.9508735097582026
26) 9 1.803 -7.803000000000006 0.9880709135557465
27) 0 0.0 -3.0 0.1411200080598672
27) 1 0.0 -2.867 0.271154873988568
27) 2 0.0 -2.734 0.3964003475633013
27) 3 0.0 -2.601 0.5146442254602457
27) 4 0.0 -2.468 0.6237979731221098
27) 5 0.0 -2.335 0.7219336144193528
27) 6 0.0 -2.202 0.8073177853774789
27) 7 0.0 -2.069 0.8784423504814541
27) 8 0.0 -1.936 0.9340510407832876
27) 9 0.0 -1.803 0.9731616433054727
28) 0 -8.0 -5.0 -0.009203041372185148
28) 1 -7.867 -4.867 0.1730974995409055
28) 2 -7.734 -4.734 0.3494176967419881
28) 3 -7.601 -4.601 0.5138887149997218
28) 4 -7.468 -4.468 0.6610721893850562
28) 5 -7.335 -4.335 0.7861411144070839
28) 6 -7.202 -4.202 0.8850382802895077
28) 7 -7.069 -4.069 0.9546069505151324
28) 8 -6.936 -3.936 0.9926894871771809
28) 9 -6.803 -3.936 0.9999843622145131
29) 0 3.0 -5.0 -0.43697551727207756
29) 1 3.133 -4.867 -0.47500969448375197
29) 2 3.266 -4.734 -0.5071545793392324
29) 3 3.399 -4.601 -0.5335864450131343
29) 4 3.532 -4.468 -0.5544852756324321
29) 5 3.665 -4.335 -0.5700173398291941
29) 6 3.798 -4.202 -0.5803207214638888
29) 7 3.931 -4.069 -0.585494158282198
29) 8 4.064 -3.936 -0.5855894413601547
29) 9 3.931 -3.936 -0.6596666550013633
30) 0 6.0 5.0 0.9990439103118804
30) 1 6.133 4.867 0.9997008206677722
30) 2 6.266 4.734 0.9999997312571713
31) 0 9.0 8.0 -0.5010191903189258
31) 1 9.0 7.867 -0.5750973133703433
31) 2 9.0 7.734 -0.6440886266074377
31) 3 9.0 7.601 -0.7075901264522926
31) 4 9.0 7.468 -0.7652670995849836
31) 5 9.0 7.335 -0.8168532031728262
31) 6 9.0 7.202 -0.8621497381780705
31) 7 9.0 7.069 -0.9010241715358887
31) 8 9.0 6.936 -0.9334079701798426
31) 9 9.0 6.803 -0.9592938157229436
32) 0 0.0 2.0 0.9092974268256817
32) 1 0.0 1.867 0.9564514935169185
32) 2 0.0 1.734 0.9867118145689605
32) 3 0.0 1.601 0.9995439037373106
33) 0 -5.0 -8.0 -0.009203041372185148
33) 1 -4.867 -7.867 0.1730974995409055
33) 2 -4.734 -7.734 0.3494176967419881
33) 3 -4.601 -7.601 0.5138887149997218
33) 4 -4.468 -7.468 0.6610721893850562
33) 5 -4.335 -7.335 0.7861411144070839
33) 6 -4.202 -7.202 0.8850382802895077
33) 7 -4.069 -7.069 0.9546069505151324
33) 8 -3.936 -6.936 0.9926894871771809
33) 9 -3.936 -6.803 0.9999843622145131
34) 0 0.0 6.0 -0.27941549819892586
34) 1 0.0 5.867 -0.4042743408450349
34) 2 0.0 5.734 -0.52199250994002
34) 3 0.0 5.601 -0.6304907564897794
34) 4 0.0 5.468 -0.7278526824417881
34) 5 0.0 5.335 -0.8123585899095102
34) 6 0.0 5.202 -0.8825158560935188
34) 7 0.0 5.069 -0.9370852973889082
34) 8 0.0 4.936 -0.9751030570113395
34) 9 0.0 4.803 -0.9958976295418899
35) 0 -10.0 -8.0 0.2375839859261567
35) 1 -10.0 -8.133 0.31777383905669054
35) 2 -10.0 -8.265999999999998 0.3965076609137258
35) 3 -10.0 -8.398999999999997 0.47313720356590494
35) 4 -10.0 -8.531999999999996 0.547004296976892
35) 5 -10.0 -8.664999999999996 0.6174473135910138
35) 6 -10.0 -8.797999999999995 0.6838080337134357
35) 7 -10.0 -8.930999999999994 0.7454388463520103
35) 8 -10.0 -9.063999999999993 0.8017102116097207
35) 9 -10.0 -9.196999999999992 0.852018302731766
36) 0 -10.0 -1.0 -0.5851764690934534
36) 1 -10.0 -1.133 -0.5965550332984523
36) 2 -10.0 -1.266 -0.6091919827168151
36) 3 -10.0 -1.399 -0.6230279929658508
36) 4 -10.0 -1.532 -0.6379957306506635
36) 5 -10.0 -1.665 -0.6540194775523898
36) 6 -10.0 -1.798 -0.6710147545427263
36) 7 -10.0 -1.931 -0.6888879555700258
36) 8 -10.0 -2.064 -0.7075360028243551
36) 9 -10.0 -2.197 -0.7268460348761925
37) 0 2.0 7.0 0.8398053526495963
37) 1 2.133 7.133 0.9175624086674962
37) 2 2.266 7.266 0.9706595364051974
37) 3 2.399 7.399 0.9971299787953372
37) 4 2.266 7.532 0.9999338913238295
38) 0 -5.0 -4.0 0.11965157649377203
38) 1 -5.133 -4.133 0.3021160537981428
38) 2 -5.266 -4.266 0.4741041113697568
38) 3 -5.399 -4.399 0.6295995673069064
38) 4 -5.532 -4.532 0.7631550924558556
38) 5 -5.665 -4.665 0.8700845431855192
38) 6 -5.798 -4.798 0.9466287736764334
38) 7 -5.931 -4.931 0.9900890387175885
38) 8 -6.064 -4.931 0.9992714809426456
38) 9 -6.197 -4.798 0.9998612281791419
39) 0 0.0 1.0 0.8414709848078965
39) 1 0.133 1.133 0.9089587591351166
39) 2 0.266 1.266 0.961838215129329
39) 3 0.399 1.399 0.9932783335057668
39) 4 0.399 1.532 0.9999242354025187
40) 0 5.0 -5.0 0.7088612918380416
40) 1 5.133 -5.133 0.8282474615090193
40) 2 5.266 -5.266 0.9184181770877425
40) 3 5.399 -5.399 0.9761927727419762
40) 4 5.532 -5.532 0.9995333176292167
40) 5 5.665 -5.399 0.9995998220751898
40) 6 5.798 -5.266 0.9997685976082227
40) 7 5.931 -5.133 0.999947680725705
40) 8 6.064 -5.0 0.9999846487107472
41) 0 -5.0 2.0 -0.7820948988254615
41) 1 -5.0 1.867 -0.8110744901441714
41) 2 -5.0 1.734 -0.8365985422152168
41) 3 -5.0 1.601 -0.8589003039279522
41) 4 -5.0 1.468 -0.8782245470833102
41) 5 -5.0 1.335 -0.8948212864786244
41) 6 -5.0 1.202 -0.9089398243349768
41) 7 -5.0 1.069 -0.9208231849247956
41) 8 -5.0 0.9359999999999999 -0.9307029921694928
41) 9 -5.0 0.8029999999999999 -0.9387948306852808
42) 0 4.0 -4.0 -0.586176193003373
42) 1 3.867 -4.0 -0.6590698702102644
42) 2 3.734 -4.0 -0.7251056946949304
42) 3 3.867 -3.867 -0.7273286755510044
42) 4 3.734 -3.867 -0.7880555273854497
42) 5 3.601 -3.867 -0.8410185462935786
42) 6 3.734 -3.734 -0.8428254953673231
42) 7 3.601 -3.734 -0.8892507274548928
42) 8 3.468 -3.734 -0.9272984701970628
42) 9 3.601 -3.601 -0.9285926381100486
43) 0 0.0 -8.0 0.9893582466233818
43) 1 0.0 -7.867 0.999915262269787
44) 0 -9.0 8.0 -0.5010191903189258
44) 1 -9.0 7.867 -0.5750973133703433
44) 2 -9.0 7.734 -0.6440886266074377
44) 3 -9.0 7.601 -0.7075901264522926
44) 4 -9.0 7.468 -0.7652670995849836
44) 5 -9.0 7.335 -0.8168532031728262
44) 6 -9.0 7.202 -0.8621497381780705
44) 7 -9.0 7.069 -0.9010241715358887
44) 8 -9.0 6.936 -0.9334079701798426
44) 9 -9.0 6.803 -0.9592938157229436
45) 0 3.0 -4.0 -0.9589242746631385
45) 1 3.133 -3.867 -0.9652245409903722
45) 2 3.266 -3.734 -0.9693049289936556
45) 3 3.399 -3.601 -0.9714759227025356
45) 4 3.532 -3.468 -0.9719138151466975
45) 5 3.399 -3.468 -0.9897131773127316
45) 6 3.266 -3.468 -0.9986788008951908
45) 7 3.399 -3.335 -0.9987759596941356
45) 8 3.266 -3.335 -0.9990090539956273
45) 9 3.399 -3.202 -0.9990885384204946
46) 0 4.0 -9.0 -0.41148230684214054
46) 1 4.0 -9.133 -0.519070485226868
46) 2 4.0 -9.265999999999998 -0.6192066330096389
46) 3 4.0 -9.398999999999997 -0.7103364667801646
46) 4 4.0 -9.531999999999996 -0.7910270054677381
46) 5 4.0 -9.664999999999996 -0.859990938279571
46) 6 4.0 -9.797999999999995 -0.9161089829344053
46) 7 4.0 -9.930999999999994 -0.9584498274968046
46) 8 4.0 -10.063999999999993 -0.9862872846057245
46) 9 4.0 -10.196999999999992 -0.9991143293516072
47) 0 2.0 3.0 -0.44749175223692067
47) 1 2.133 3.0 -0.5136191858985507
47) 2 2.266 3.0 -0.5794299892844288
47) 3 2.399 3.0 -0.6439555174857977
47) 4 2.532 3.0 -0.7061847456159976
47) 5 2.665 3.0 -0.7650797224237659
47) 6 2.798 3.0 -0.8195927606279195
47) 7 2.931 3.0 -0.8686849819962305
47) 8 3.064 3.0 -0.9113458014577566
47) 9 3.197 3.0 -0.9466129113577685
48) 0 -4.0 4.0 -0.586176193003373
48) 1 -4.0 3.867 -0.6590698702102644
48) 2 -4.0 3.734 -0.7251056946949304
48) 3 -4.0 3.601 -0.7839895180009427
48) 4 -4.0 3.468 -0.8355481773172855
48) 5 -4.0 3.335 -0.8797257262235797
48) 6 -4.0 3.202 -0.9165778510825086
48) 7 -4.0 3.069 -0.946264669154774
48) 8 -4.0 2.936 -0.9690421294731427
48) 9 -4.0 2.803 -0.9852522568552328
49) 0 -9.0 2.0 0.2037957684966491
49) 1 -8.867 1.867 0.3554125950511085
49) 2 -8.734000000000002 1.734 0.4971509729462436
49) 3 -8.601000000000003 1.601 0.6257095338198441
49) 4 -8.468000000000004 1.468 0.7382516725937801
49) 5 -8.335000000000004 1.335 0.8324656079953761
49) 6 -8.202000000000005 1.202 0.906605723842682
49) 7 -8.069000000000006 1.069 0.9595147128727054
49) 8 -7.936000000000006 0.9359999999999999 0.990626711826847
49) 9 -7.803000000000006 0.9359999999999999 0.999987717712215
50) 0 8.0 5.0 -0.009203041372185148
50) 1 7.867 4.867 0.1730974995409055
50) 2 7.734 4.734 0.3494176967419881
50) 3 7.601 4.601 0.5138887149997218
50) 4 7.468 4.468 0.6610721893850562
50) 5 7.335 4.335 0.7861411144070839
50) 6 7.202 4.202 0.8850382802895077
50) 7 7.069 4.069 0.9546069505151324
50) 8 6.936 3.936 0.9926894871771809
50) 9 6.803 3.936 0.9999843622145131
51) 0 0.0 0.0 0.0
51) 1 0.133 0.133 0.1869833202138062
51) 2 0.266 0.266 0.3673710239463122
51) 3 0.399 0.399 0.534800147322443
51) 4 0.532 0.532 0.6833648251327964
51) 5 0.665 0.665 0.8078246132758097
51) 6 0.798 0.798 0.9037893392537621
51) 7 0.931 0.931 0.9678739603389926
51) 8 1.064 1.064 0.9978179669708394
51) 9 1.197 1.064 0.9995276939523442
52) 0 6.0 2.0 0.04135821352247398
52) 1 6.133 2.133 0.2086046884513766
52) 2 6.266 2.266 0.3708837835439846
52) 3 6.399 2.399 0.5233096553516878
52) 4 6.532 2.532 0.6611776009580063
52) 5 6.665 2.665 0.7801265372353555
52) 6 6.798 2.798 0.8762936432873941
52) 7 6.931 2.931 0.9464554713431681
52) 8 7.064 3.064 0.9881502204397414
52) 9 7.197 3.197 0.9997764548320323
53) 0 -3.0 6.0 0.4123377500596421
53) 1 -3.133 6.133 0.5677036254543277
53) 2 -3.266 6.266 0.7053356219253841
53) 3 -3.399 6.399 0.8206404114067367
53) 4 -3.532 6.532 0.9097094751925857
53) 5 -3.665 6.665 0.9694616355411622
53) 6 -3.798 6.798 0.9977585959586261
53) 7 -3.931 6.798 0.9999992322916382
54) 0 2.0 0.0 0.9092974268256817
54) 1 1.867 0.0 0.9564514935169185
54) 2 1.734 0.0 0.9867118145689605
54) 3 1.601 0.0 0.9995439037373106
55) 0 -2.0 -4.0 -0.9712777989606532
55) 1 -2.0 -4.133 -0.9926994150488267
55) 2 -2.0 -4.266 -0.9999996527233851
55) 3 -1.867 -4.133 -0.9843302121118974
55) 4 -1.867 -4.266 -0.9984473188059153
55) 5 -1.734 -4.399 -0.9998715037471797
55) 6 -1.867 -4.532 -0.9821715327697134
55) 7 -1.734 -4.532 -0.9902145412691113
55) 8 -1.601 -4.532 -0.9955769490295134
55) 9 -1.468 -4.532 -0.9986773550412444
56) 0 7.0 -4.0 0.9783888223346213
56) 1 6.867 -3.867 0.9996363669354663
56) 2 6.734 -4.0 0.9997674922061129
57) 0 -5.0 2.0 -0.7820948988254615
57) 1 -5.0 1.867 -0.8110744901441714
57) 2 -5.0 1.734 -0.8365985422152168
57) 3 -5.0 1.601 -0.8589003039279522
57) 4 -5.0 1.468 -0.8782245470833102
57) 5 -5.0 1.335 -0.8948212864786244
57) 6 -5.0 1.202 -0.9089398243349768
57) 7 -5.0 1.069 -0.9208231849247956
57) 8 -5.0 0.9359999999999999 -0.9307029921694928
57) 9 -5.0 0.8029999999999999 -0.9387948306852808
58) 0 -2.0 0.0 0.9092974268256817
58) 1 -1.867 0.0 0.9564514935169185
58) 2 -1.734 0.0 0.9867118145689605
58) 3 -1.601 0.0 0.9995439037373106
59) 0 -6.0 -1.0 -0.19908366251892284
59) 1 -5.867 -1.0 -0.3255307558597626
59) 2 -5.734 -1.0 -0.4463114956206333
59) 3 -5.601 -1.0 -0.5593619076384542
59) 4 -5.468 -1.0 -0.6627583042731371
59) 5 -5.335 -1.0 -0.7547504595455555
59) 6 -5.202 -1.0 -0.8337916138709114
59) 7 -5.069 -1.0 -0.8985647803107767
59) 8 -4.936 -1.0 -0.9480048902551333
59) 9 -4.803 -1.0 -0.9813163904681964
60) 0 4.0 4.0 -0.586176193003373
60) 1 4.0 3.867 -0.6590698702102644
60) 2 4.0 3.734 -0.7251056946949304
60) 3 4.0 3.601 -0.7839895180009427
60) 4 4.0 3.468 -0.8355481773172855
60) 5 4.0 3.335 -0.8797257262235797
60) 6 4.0 3.202 -0.9165778510825086
60) 7 4.0 3.069 -0.946264669154774
60) 8 4.0 2.936 -0.9690421294731427
60) 9 4.0 2.803 -0.9852522568552328
61) 0 1.0 6.0 -0.19908366251892284
61) 1 1.0 5.867 -0.3255307558597626
61) 2 1.0 5.734 -0.4463114956206333
61) 3 1.0 5.601 -0.5593619076384542
61) 4 1.0 5.468 -0.6627583042731371
61) 5 1.0 5.335 -0.7547504595455555
61) 6 1.0 5.202 -0.8337916138709114
61) 7 1.0 5.069 -0.8985647803107767
61) 8 1.0 4.936 -0.9480048902551333
61) 9 1.0 4.803 -0.9813163904681964
62) 0 2.0 -4.0 -0.9712777989606532
62) 1 2.0 -4.133 -0.9926994150488267
62) 2 2.0 -4.266 -0.9999996527233851
62) 3 1.867 -4.133 -0.9843302121118974
62) 4 1.867 -4.266 -0.9984473188059153
62) 5 2.0 -4.266 -0.9999996527233851
62) 6 1.867 -4.133 -0.9843302121118974
62) 7 1.867 -4.266 -0.9984473188059153
62) 8 2.0 -4.266 -0.9999996527233851
62) 9 1.867 -4.133 -0.9843302121118974
63) 0 5.0 -6.0 0.9990439103118804
63) 1 4.867 -6.133 0.9997008206677722
63) 2 4.734 -6.266 0.9999997312571713
64) 0 -3.0 -3.0 -0.8916822544789358
64) 1 -3.0 -3.133 -0.930623507539537
64) 2 -3.0 -3.266 -0.9616974659417928
64) 3 -3.0 -3.399 -0.9840533465660953
64) 4 -3.0 -3.532 -0.9969381740366647
64) 5 -3.0 -3.665 -0.9997149338746387
64) 6 -3.133 -3.532 -0.9999602600222672
64) 7 -3.266 -3.399 -0.999998997531209
64) 8 -3.399 -3.532 -0.9821041244664619
64) 9 -3.266 -3.532 -0.9951821142064288
65) 0 -2.0 0.0 0.9092974268256817
65) 1 -1.867 0.0 0.9564514935169185
65) 2 -1.734 0.0 0.9867118145689605
65) 3 -1.601 0.0 0.9995439037373106
66) 0 -8.0 -9.0 -0.5010191903189258
66) 1 -7.867 -9.0 -0.5750973133703433
66) 2 -7.734 -9.0 -0.6440886266074377
66) 3 -7.601 -9.0 -0.7075901264522926
66) 4 -7.468 -9.0 -0.7652670995849836
66) 5 -7.335 -9.0 -0.8168532031728262
66) 6 -7.202 -9.0 -0.8621497381780705
66) 7 -7.069 -9.0 -0.9010241715358887
66) 8 -6.936 -9.0 -0.9334079701798426
66) 9 -6.803 -9.0 -0.9592938157229436
67) 0 -7.0 0.0 0.6569865987187891
67) 1 -7.133 0.133 0.7519759568004343
67) 2 -7.266 0.266 0.8347518933797182
67) 3 -7.399 0.399 0.9029413493165264
67) 4 -7.532 0.532 0.9543808873516418
67) 5 -7.665 0.665 0.9871972054507777
67) 6 -7.798 0.798 0.9998836182354117
67) 7 -7.798 0.931 0.999999818542067
68) 0 5.0 -9.0 -0.7648781678542789
68) 1 5.0 -9.133 -0.8345499773186418
68) 2 5.0 -9.265999999999998 -0.8930913334297883
68) 3 5.0 -9.398999999999997 -0.9395810805610683
68) 4 5.0 -9.531999999999996 -0.9732564547872331
68) 5 5.0 -9.664999999999996 -0.9935276599680835
68) 6 5.0 -9.797999999999995 -0.9999900441440511
68) 7 5.133 -9.930999999999994 -0.9832049587214224
68) 8 5.133 -10.063999999999993 -0.95478828082497
68) 9 5.133 -10.196999999999992 -0.912889489669045
69) 0 -7.0 0.0 0.6569865987187891
69) 1 -7.133 0.133 0.7519759568004343
69) 2 -7.266 0.266 0.8347518933797182
69) 3 -7.399 0.399 0.9029413493165264
69) 4 -7.532 0.532 0.9543808873516418
69) 5 -7.665 0.665 0.9871972054507777
69) 6 -7.798 0.798 0.9998836182354117
69) 7 -7.798 0.931 0.999999818542067
70) 0 -2.0 0.0 0.9092974268256817
70) 1 -1.867 0.0 0.9564514935169185
70) 2 -1.734 0.0 0.9867118145689605
70) 3 -1.601 0.0 0.9995439037373106
71) 0 1.0 1.0 0.9877659459927356
71) 1 1.133 1.133 0.9995036753923322
72) 0 4.0 4.0 -0.586176193003373
72) 1 4.0 3.867 -0.6590698702102644
72) 2 4.0 3.734 -0.7251056946949304
72) 3 4.0 3.601 -0.7839895180009427
72) 4 4.0 3.468 -0.8355481773172855
72) 5 4.0 3.335 -0.8797257262235797
72) 6 4.0 3.202 -0.9165778510825086
72) 7 4.0 3.069 -0.946264669154774
72) 8 4.0 2.936 -0.9690421294731427
72) 9 4.0 2.803 -0.9852522568552328
73) 0 -1.0 -6.0 -0.19908366251892284
73) 1 -0.867 -6.0 -0.2190767913943549
73) 2 -0.734 -6.0 -0.2362023082668916
73) 3 -0.601 -6.0 -0.2504648197504359
73) 4 -0.46799999999999997 -6.0 -0.26187161423075284
73) 5 -0.33499999999999996 -6.0 -0.2704308235775175
73) 6 -0.20199999999999996 -6.0 -0.2761499156533872
73) 7 -0.06899999999999995 -6.0 -0.27903454125191507
73) 8 0.06400000000000006 -6.0 -0.2790877531263717
73) 9 0.19700000000000006 -5.867 -0.4012479181189267
74) 0 -1.0 0.0 0.8414709848078965
74) 1 -1.133 0.133 0.9089587591351166
74) 2 -1.266 0.266 0.961838215129329
74) 3 -1.399 0.399 0.9932783335057668
74) 4 -1.532 0.399 0.9999242354025187
75) 0 4.0 8.0 0.4622279808582701
75) 1 3.867 7.867 0.6121229386862422
75) 2 3.734 7.734 0.7423417002063519
75) 3 3.601 7.601 0.8489143000737569
75) 4 3.468 7.468 0.928673769788978
75) 5 3.335 7.335 0.9793471743352986
75) 6 3.202 7.202 0.9996151440257512
75) 7 3.069 7.202 0.999678854454853
76) 0 9.0 4.0 -0.41148230684214054
76) 1 9.133 4.0 -0.519070485226868
76) 2 9.265999999999998 4.0 -0.6192066330096389
76) 3 9.398999999999997 4.0 -0.7103364667801646
76) 4 9.531999999999996 4.0 -0.7910270054677381
76) 5 9.664999999999996 4.0 -0.859990938279571
76) 6 9.797999999999995 4.0 -0.9161089829344053
76) 7 9.930999999999994 4.0 -0.9584498274968046
76) 8 10.063999999999993 4.0 -0.9862872846057245
76) 9 10.196999999999992 4.0 -0.9991143293516072
77) 0 6.0 4.0 0.8003730606575937
77) 1 6.133 4.133 0.8967841129340072
77) 2 6.266 4.266 0.9627924118898639
77) 3 6.399 4.399 0.9960619038610222
77) 4 6.399 4.532 0.9999197825522468
78) 0 -6.0 -7.0 0.2037957684966491
78) 1 -5.867 -6.867 0.38273820121461544
78) 2 -5.734 -6.734 0.548240734680762
78) 3 -5.601 -6.601 0.694507005403713
78) 4 -5.468 -6.468 0.8164191155322317
78) 5 -5.335 -6.335 0.9097167152435649
78) 6 -5.202 -6.202 0.9711457593306542
78) 7 -5.069 -6.069 0.9985717301756197
78) 8 -4.936 -6.069 0.999515200860388
78) 9 -4.803 -6.202 0.9999534847493566
79) 0 -9.0 -1.0 0.36104927727853203
79) 1 -8.867 -0.867 0.4929628919197159
79) 2 -8.734000000000002 -0.734 0.6131087716300232
79) 3 -8.601000000000003 -0.601 0.719308162522386
79) 4 -8.468000000000004 -0.46799999999999997 0.8098259437907495
79) 5 -8.335000000000004 -0.33499999999999996 0.8833905621508811
79) 6 -8.202000000000005 -0.20199999999999996 0.9391992816727845
79) 7 -8.069000000000006 -0.06899999999999995 0.9769094877164806
79) 8 -7.936000000000006 0.06400000000000006 0.9966172037745931
79) 9 -7.803000000000006 0.19700000000000006 0.9988243367617093
80) 0 -3.0 -4.0 -0.9589242746631385
80) 1 -2.867 -4.0 -0.9782469055809607
80) 2 -2.734 -4.0 -0.9912100594268534
80) 3 -2.601 -4.0 -0.9982658812076486
80) 4 -2.468 -4.0 -0.9999246011890585
80) 5 -2.335 -3.867 -0.9810285941468484
80) 6 -2.335 -4.0 -0.9967427555301948
80) 7 -2.335 -4.133 -0.9994014446607745
80) 8 -2.202 -4.133 -0.999568187547808
80) 9 -2.069 -4.266 -0.9995833505195845
81) 0 0.0 -2.0 0.9092974268256817
81) 1 0.0 -1.867 0.9564514935169185
81) 2 0.0 -1.734 0.9867118145689605
81) 3 0.0 -1.601 0.9995439037373106
82) 0 -7.0 0.0 0.6569865987187891
82) 1 -7.133 0.133 0.7519759568004343
82) 2 -7.266 0.266 0.8347518933797182
82) 3 -7.399 0.399 0.9029413493165264
82) 4 -7.532 0.532 0.9543808873516418
82) 5 -7.665 0.665 0.9871972054507777
82) 6 -7.798 0.798 0.9998836182354117
82) 7 -7.798 0.931 0.999999818542067
83) 0 9.0 3.0 -0.06201520022829486
83) 1 8.867 2.867 0.10560124779334415
83) 2 8.734000000000002 2.734 0.26949148088321784
83) 3 8.601000000000003 2.601 0.42512533925031776
83) 4 8.468000000000004 2.468 0.5683160198425456
83) 5 8.335000000000004 2.335 0.6953357034941545
83) 6 8.202000000000005 2.202 0.8030129753225485
83) 7 8.069000000000006 2.069 0.8888094135533615
83) 8 7.936000000000006 1.936 0.9508735097582026
83) 9 7.803000000000006 1.803 0.9880709135557465
84) 0 2.0 -3.0 -0.44749175223692067
84) 1 2.0 -3.133 -0.5441314440550908
84) 2 2.0 -3.266 -0.6350918631051994
84) 3 2.0 -3.399 -0.718860713556069
84) 4 2.0 -3.532 -0.7939940440983796
84) 5 2.0 -3.665 -0.8591462449124437
84) 6 2.0 -3.798 -0.9130984796013369
84) 7 2.0 -3.931 -0.9547850046168701
84) 8 2.0 -4.064 -0.9833168685106086
84) 9 2.0 -4.197 -0.9980025312767357
85) 0 -6.0 5.0 0.9990439103118804
85) 1 -6.133 4.867 0.9997008206677722
85) 2 -6.266 4.734 0.9999997312571713
86) 0 -3.0 8.0 0.7712319401165738
86) 1 -2.867 7.867 0.8682398916860683
86) 2 -2.734 7.734 0.93970254428993
86) 3 -2.601 7.601 0.983893336861755
86) 4 -2.468 7.468 0.9999365910933226
87) 0 -4.0 -3.0 -0.9589242746631385
87) 1 -3.867 -3.0 -0.983508702007683
87) 2 -3.734 -3.0 -0.9970006439184285
87) 3 -3.601 -3.0 -0.9996756339130424
87) 4 -3.734 -2.867 -0.9999890095950709
87) 5 -3.601 -2.734 -0.9817938577948179
87) 6 -3.601 -2.867 -0.9940144596126952
87) 7 -3.601 -3.0 -0.9996756339130424
87) 8 -3.734 -2.867 -0.9999890095950709
87) 9 -3.601 -2.734 -0.9817938577948179
88) 0 6.0 2.0 0.04135821352247398
88) 1 6.133 2.133 0.2086046884513766
88) 2 6.266 2.266 0.3708837835439846
88) 3 6.399 2.399 0.5233096553516878
88) 4 6.532 2.532 0.6611776009580063
88) 5 6.665 2.665 0.7801265372353555
88) 6 6.798 2.798 0.8762936432873941
88) 7 6.931 2.931 0.9464554713431681
88) 8 7.064 3.064 0.9881502204397414
88) 9 7.197 3.197 0.9997764548320323
89) 0 -1.0 0.0 0.8414709848078965
89) 1 -1.133 0.133 0.9089587591351166
89) 2 -1.266 0.266 0.961838215129329
89) 3 -1.399 0.399 0.9932783335057668
89) 4 -1.532 0.399 0.9999242354025187
90) 0 8.0 2.0 0.9240590869570797
90) 1 7.867 1.867 0.9733181581144525
90) 2 7.734 1.734 0.9974076347552858
90) 3 7.601 1.867 0.9996342249575645
90) 4 7.601 2.0 0.9999835347023427
91) 0 2.0 -6.0 0.04135821352247398
91) 1 2.133 -6.133 0.2086046884513766
91) 2 2.266 -6.266 0.3708837835439846
91) 3 2.399 -6.399 0.5233096553516878
91) 4 2.532 -6.532 0.6611776009580063
91) 5 2.665 -6.665 0.7801265372353555
91) 6 2.798 -6.798 0.8762936432873941
91) 7 2.931 -6.931 0.9464554713431681
91) 8 3.064 -7.064 0.9881502204397414
91) 9 3.197 -7.197 0.9997764548320323
92) 0 -8.0 -7.0 -0.9339707316330099
92) 1 -8.0 -7.133 -0.9617761934830893
92) 2 -8.0 -7.266 -0.9823028985846985
92) 3 -8.0 -7.399 -0.9951481606350068
92) 4 -8.0 -7.532 -0.9999695234109127
92) 5 -8.133 -7.399 -0.9999998569134108
92) 6 -7.999999999999999 -7.266 -0.9823028985846982
92) 7 -7.999999999999999 -7.399 -0.9951481606350068
92) 8 -7.999999999999999 -7.532 -0.9999695234109127
92) 9 -8.133 -7.399 -0.9999998569134108
93) 0 -1.0 -9.0 0.36104927727853203
93) 1 -0.867 -8.867 0.4929628919197159
93) 2 -0.734 -8.734000000000002 0.6131087716300232
93) 3 -0.601 -8.601000000000003 0.719308162522386
93) 4 -0.46799999999999997 -8.468000000000004 0.8098259437907495
93) 5 -0.33499999999999996 -8.335000000000004 0.8833905621508811
93) 6 -0.20199999999999996 -8.202000000000005 0.9391992816727845
93) 7 -0.06899999999999995 -8.069000000000006 0.9769094877164806
93) 8 0.06400000000000006 -7.936000000000006 0.9966172037745931
93) 9 0.19700000000000006 -7.803000000000006 0.9988243367617093
94) 0 0.0 2.0 0.9092974268256817
94) 1 0.0 1.867 0.9564514935169185
94) 2 0.0 1.734 0.9867118145689605
94) 3 0.0 1.601 0.9995439037373106
95) 0 -10.0 -10.0 0.9999876561221204
96) 0 1.0 2.0 0.786749131547214
96) 1 0.867 1.867 0.8834162786908029
96) 2 0.734 1.734 0.9516734438607605
96) 3 0.601 1.601 0.990314548018188
96) 4 0.601 1.468 0.999880419255651
97) 0 9.0 7.0 -0.9186368297074818
97) 1 9.0 6.867 -0.9476466815958816
97) 2 9.0 6.734 -0.9701778182463217
97) 3 9.0 6.601 -0.986309363289468
97) 4 9.0 6.468 -0.996172391330827
97) 5 9.0 6.335 -0.9999455631996584
97) 6 9.133 6.468 -0.9808936065878866
97) 7 9.133 6.335 -0.9928735281868674
97) 8 9.133 6.202 -0.9990235857924862
97) 9 9.133 6.069 -0.9995508957373503
98) 0 -8.0 -1.0 0.9783888223346213
98) 1 -7.867 -0.867 0.9981614133528478
98) 2 -7.867 -0.734 0.9988869621096611
98) 3 -7.867 -0.601 0.9993541671211854
98) 4 -7.867 -0.46799999999999997 0.9996375037291647
98) 5 -7.867 -0.33499999999999996 0.9997970403821872
98) 6 -7.867 -0.20199999999999996 0.9998781460778613
98) 7 -7.867 -0.06899999999999995 0.9999112774133465
98) 8 -7.867 0.06400000000000006 0.9999118394957256
99) 0 7.0 -10.0 -0.35210108504889737
99) 1 7.0 -10.133 -0.24800558896106983
99) 2 7.0 -10.265999999999998 -0.14049656337334435
99) 3 7.0 -10.398999999999997 -0.03084813964797542
99) 4 7.133 -10.398999999999997 0.04388451547727414
99) 5 7.266 -10.398999999999997 0.11931924463378188
99) 6 7.399 -10.398999999999997 0.19498950565467976
99) 7 7.532 -10.398999999999997 0.27040096375798334
99) 8 7.665 -10.398999999999997 0.3450347718668027
99) 9 7.798 -10.398999999999997 0.4183513390792988
END
TOTAL TIME: 107266360
POINT TIME: 66601711
BEST: 7.798 -10.398999999999997 0.4183513390792988
