-10
10
-10
10
2
100
50
0) 0 10.0 -6.6303469844038965 -0.5379259599947346
1) 0 -3.4888179264811807 -1.991723675737946 -0.7680058387244769
2) 0 -9.853936763607775 -10.0 0.9952083258884289
3) 0 9.992298435390829 10.0 0.999999886665804
4) 0 7.359457724230245 10.0 -0.14962293253013267
5) 0 7.203940229956446 10.0 -0.23938313504770625
6) 0 10.0 10.0 0.9999876561221204
7) 0 -7.668930792976527 10.0 0.03570493651037748
8) 0 -10.0 2.789807915072747 -0.8175148834333967
9) 0 2.9515027246097265 -6.477805065996781 0.7415210998855661
