-10
10
-10
10
1
0
0
0) 0 8.0 1.0 0.9783888223346213
1) 0 0.0 6.0 -0.27941549819892586
2) 0 -4.0 5.0 0.11965157649377203
3) 0 -6.0 -6.0 0.8072610908541349
4) 0 8.0 -8.0 -0.949820680215173
5) 0 1.0 -2.0 0.786749131547214
6) 0 1.0 -10.0 -0.5851764690934534
7) 0 5.0 -9.0 -0.7648781678542789
8) 0 7.0 1.0 0.7088612918380416
9) 0 -3.0 -7.0 0.9717622535057333
10) 0 1.0 5.0 -0.9261848392897116
11) 0 1.0 8.0 0.9783888223346213
12) 0 7.0 3.0 0.9717622535057333
13) 0 6.0 -5.0 0.9990439103118804
14) 0 -2.0 7.0 0.8398053526495963
15) 0 0.0 0.0 0.0
16) 0 5.0 3.0 -0.43697551727207756
17) 0 -4.0 8.0 0.4622279808582701
18) 0 -8.0 3.0 0.7712319401165738
19) 0 -1.0 -7.0 0.7088612918380416
20) 0 -3.0 1.0 -0.020683531529582487
21) 0 2.0 -1.0 0.786749131547214
22) 0 -3.0 4.0 -0.9589242746631385
23) 0 8.0 0.0 0.9893582466233818
24) 0 -10.0 -1.0 -0.5851764690934534
25) 0 1.0 -5.0 -0.9261848392897116
26) 0 -5.0 5.0 0.7088612918380416
27) 0 -10.0 -6.0 -0.786095708473608
28) 0 -8.0 8.0 -0.949820680215173
29) 0 2.0 0.0 0.9092974268256817
30) 0 6.0 -4.0 0.8003730606575937
31) 0 -3.0 -7.0 0.9717622535057333
32) 0 -7.0 2.0 0.8398053526495963
33) 0 -7.0 3.0 0.9717622535057333
34) 0 -6.0 -6.0 0.8072610908541349
35) 0 -8.0 0.0 0.9893582466233818
36) 0 -10.0 5.0 -0.9829793407063873
37) 0 -2.0 1.0 0.786749131547214
38) 0 -10.0 5.0 -0.9829793407063873
39) 0 -4.0 9.0 -0.41148230684214054
40) 0 6.0 8.0 -0.5440211108893698
41) 0 7.0 6.0 0.2037957684966491
42) 0 -10.0 -5.0 -0.9829793407063873
43) 0 2.0 -10.0 -0.6984726873116567
44) 0 0.0 4.0 -0.7568024953079282
45) 0 3.0 -3.0 -0.8916822544789358
46) 0 -3.0 1.0 -0.020683531529582487
47) 0 -1.0 -7.0 0.7088612918380416
48) 0 -10.0 5.0 -0.9829793407063873
49) 0 2.0 -9.0 0.2037957684966491
50) 0 1.0 -7.0 0.7088612918380416
51) 0 5.0 7.0 0.7328169085463447
52) 0 8.0 -7.0 -0.9339707316330099
53) 0 -5.0 -4.0 0.11965157649377203
54) 0 -2.0 -6.0 0.04135821352247398
55) 0 5.0 -9.0 -0.7648781678542789
56) 0 5.0 6.0 0.9990439103118804
57) 0 9.0 4.0 -0.41148230684214054
58) 0 2.0 1.0 0.786749131547214
59) 0 -6.0 -9.0 -0.9840363888387289
60) 0 9.0 5.0 -0.7648781678542789
61) 0 -10.0 -1.0 -0.5851764690934534
62) 0 -9.0 -5.0 -0.7648781678542789
63) 0 -8.0 -4.0 0.4622279808582701
64) 0 -8.0 4.0 0.4622279808582701
65) 0 3.0 -2.0 -0.44749175223692067
66) 0 4.0 -7.0 0.9783888223346213
67) 0 -10.0 -6.0 -0.786095708473608
68) 0 -5.0 5.0 0.7088612918380416
69) 0 0.0 -2.0 0.9092974268256817
70) 0 -8.0 -9.0 -0.5010191903189258
71) 0 -9.0 -5.0 -0.7648781678542789
72) 0 -8.0 -2.0 0.9240590869570797
73) 0 -2.0 3.0 -0.44749175223692067
74) 0 -6.0 -4.0 0.8003730606575937
75) 0 5.0 5.0 0.7088612918380416
76) 0 3.0 4.0 -0.9589242746631385
77) 0 -8.0 -3.0 0.7712319401165738
78) 0 -4.0 3.0 -0.9589242746631385
79) 0 9.0 -4.0 -0.41148230684214054
80) 0 7.0 5.0 0.7328169085463447
81) 0 -2.0 -4.0 -0.9712777989606532
82) 0 -6.0 -6.0 0.8072610908541349
83) 0 1.0 2.0 0.786749131547214
84) 0 -8.0 -10.0 0.2375839859261567
85) 0 -8.0 -9.0 -0.5010191903189258
86) 0 5.0 -1.0 -0.9261848392897116
87) 0 -1.0 -7.0 0.7088612918380416
88) 0 -6.0 -3.0 0.4123377500596421
89) 0 -6.0 -2.0 0.04135821352247398
90) 0 4.0 -8.0 0.4622279808582701
91) 0 4.0 0.0 -0.7568024953079282
92) 0 -5.0 -6.0 0.9990439103118804
93) 0 -3.0 -5.0 -0.43697551727207756
94) 0 1.0 1.0 0.9877659459927356
95) 0 8.0 5.0 -0.009203041372185148
96) 0 0.0 -4.0 -0.7568024953079282
97) 0 5.0 -7.0 0.7328169085463447
98) 0 8.0 8.0 -0.949820680215173
99) 0 -1.0 -9.0 0.36104927727853203
100) 0 -9.0 0.0 0.4121184852417566
101) 0 -9.0 8.0 -0.5010191903189258
102) 0 5.0 -3.0 -0.43697551727207756
103) 0 7.0 2.0 0.8398053526495963
104) 0 7.0 -7.0 -0.4570867375418006
105) 0 2.0 -4.0 -0.9712777989606532
106) 0 -5.0 8.0 -0.009203041372185148
107) 0 -7.0 -3.0 0.9717622535057333
108) 0 2.0 5.0 -0.7820948988254615
109) 0 -7.0 9.0 -0.9186368297074818
110) 0 9.0 -6.0 -0.9840363888387289
111) 0 4.0 -3.0 -0.9589242746631385
112) 0 -4.0 8.0 0.4622279808582701
113) 0 -7.0 8.0 -0.9339707316330099
114) 0 5.0 2.0 -0.7820948988254615
115) 0 8.0 -2.0 0.9240590869570797
116) 0 -3.0 1.0 -0.020683531529582487
117) 0 4.0 1.0 -0.8313391791635062
118) 0 -9.0 3.0 -0.06201520022829486
119) 0 -2.0 -7.0 0.8398053526495963
120) 0 3.0 2.0 -0.44749175223692067
121) 0 -5.0 0.0 -0.9589242746631385
122) 0 -7.0 -10.0 -0.35210108504889737
123) 0 -3.0 6.0 0.4123377500596421
124) 0 -4.0 -2.0 -0.9712777989606532
125) 0 -2.0 6.0 0.04135821352247398
126) 0 -7.0 -4.0 0.9783888223346213
127) 0 9.0 1.0 0.36104927727853203
128) 0 0.0 9.0 0.4121184852417566
129) 0 2.0 -9.0 0.2037957684966491
130) 0 -1.0 -4.0 -0.8313391791635062
131) 0 -5.0 -10.0 -0.9829793407063873
132) 0 -1.0 -3.0 -0.020683531529582487
133) 0 5.0 -1.0 -0.9261848392897116
134) 0 -3.0 7.0 0.9717622535057333
135) 0 6.0 -3.0 0.4123377500596421
136) 0 5.0 8.0 -0.009203041372185148
137) 0 -7.0 -9.0 -0.9186368297074818
138) 0 9.0 -5.0 -0.7648781678542789
139) 0 7.0 4.0 0.9783888223346213
140) 0 -1.0 -8.0 0.9783888223346213
141) 0 6.0 -7.0 0.2037957684966491
142) 0 5.0 -2.0 -0.7820948988254615
143) 0 8.0 -10.0 0.2375839859261567
144) 0 1.0 -4.0 -0.8313391791635062
145) 0 -8.0 -2.0 0.9240590869570797
146) 0 -9.0 -10.0 0.7753400962492819
147) 0 -1.0 8.0 0.9783888223346213
148) 0 -10.0 2.0 -0.6984726873116567
149) 0 -1.0 7.0 0.7088612918380416
150) 0 7.0 2.0 0.8398053526495963
151) 0 -3.0 9.0 -0.06201520022829486
152) 0 -2.0 4.0 -0.9712777989606532
153) 0 9.0 4.0 -0.41148230684214054
154) 0 -4.0 6.0 0.8003730606575937
155) 0 -9.0 8.0 -0.5010191903189258
156) 0 -10.0 -3.0 -0.8497593056327711
157) 0 0.0 -3.0 0.1411200080598672
158) 0 3.0 -8.0 0.7712319401165738
159) 0 -7.0 -5.0 0.7328169085463447
160) 0 -9.0 -2.0 0.2037957684966491
161) 0 -10.0 7.0 -0.35210108504889737
162) 0 6.0 7.0 0.2037957684966491
163) 0 -5.0 9.0 -0.7648781678542789
164) 0 -4.0 2.0 -0.9712777989606532
165) 0 -6.0 -10.0 -0.786095708473608
166) 0 8.0 8.0 -0.949820680215173
167) 0 6.0 -2.0 0.04135821352247398
168) 0 1.0 -4.0 -0.8313391791635062
169) 0 0.0 -4.0 -0.7568024953079282
170) 0 0.0 4.0 -0.7568024953079282
171) 0 7.0 6.0 0.2037957684966491
172) 0 1.0 -9.0 0.36104927727853203
173) 0 8.0 -9.0 -0.5010191903189258
174) 0 5.0 -10.0 -0.9829793407063873
175) 0 9.0 2.0 0.2037957684966491
176) 0 7.0 -6.0 0.2037957684966491
177) 0 -3.0 0.0 0.1411200080598672
178) 0 -3.0 0.0 0.1411200080598672
179) 0 8.0 -7.0 -0.9339707316330099
180) 0 5.0 5.0 0.7088612918380416
181) 0 0.0 -10.0 -0.5440211108893698
182) 0 -8.0 4.0 0.4622279808582701
183) 0 -5.0 -8.0 -0.009203041372185148
184) 0 -10.0 -5.0 -0.9829793407063873
185) 0 0.0 5.0 -0.9589242746631385
186) 0 0.0 4.0 -0.7568024953079282
187) 0 3.0 -6.0 0.4123377500596421
188) 0 0.0 -4.0 -0.7568024953079282
189) 0 -2.0 -8.0 0.9240590869570797
190) 0 4.0 -5.0 0.11965157649377203
191) 0 -1.0 8.0 0.9783888223346213
192) 0 7.0 6.0 0.2037957684966491
193) 0 6.0 1.0 -0.19908366251892284
194) 0 6.0 8.0 -0.5440211108893698
195) 0 -8.0 9.0 -0.5010191903189258
196) 0 -6.0 -6.0 0.8072610908541349
197) 0 4.0 6.0 0.8003730606575937
198) 0 -6.0 7.0 0.2037957684966491
199) 0 -2.0 0.0 0.9092974268256817
200) 0 -2.0 6.0 0.04135821352247398
201) 0 0.0 -10.0 -0.5440211108893698
202) 0 5.0 0.0 -0.9589242746631385
203) 0 3.0 0.0 0.1411200080598672
204) 0 5.0 7.0 0.7328169085463447
205) 0 7.0 6.0 0.2037957684966491
206) 0 5.0 0.0 -0.9589242746631385
207) 0 -4.0 5.0 0.11965157649377203
208) 0 7.0 -5.0 0.7328169085463447
209) 0 -1.0 -4.0 -0.8313391791635062
210) 0 4.0 -1.0 -0.8313391791635062
211) 0 -5.0 5.0 0.7088612918380416
212) 0 -7.0 -9.0 -0.9186368297074818
213) 0 0.0 2.0 0.9092974268256817
214) 0 6.0 -1.0 -0.19908366251892284
215) 0 1.0 -4.0 -0.8313391791635062
216) 0 0.0 8.0 0.9893582466233818
217) 0 8.0 7.0 -0.9339707316330099
218) 0 3.0 -7.0 0.9717622535057333
219) 0 9.0 5.0 -0.7648781678542789
220) 0 6.0 -2.0 0.04135821352247398
221) 0 -9.0 1.0 0.36104927727853203
222) 0 -6.0 8.0 -0.5440211108893698
223) 0 5.0 2.0 -0.7820948988254615
224) 0 2.0 -5.0 -0.7820948988254615
225) 0 -4.0 8.0 0.4622279808582701
226) 0 -10.0 -1.0 -0.5851764690934534
227) 0 -1.0 8.0 0.9783888223346213
228) 0 -9.0 0.0 0.4121184852417566
229) 0 4.0 0.0 -0.7568024953079282
230) 0 -10.0 -6.0 -0.786095708473608
231) 0 -3.0 9.0 -0.06201520022829486
232) 0 0.0 -10.0 -0.5440211108893698
233) 0 -1.0 -10.0 -0.5851764690934534
234) 0 6.0 4.0 0.8003730606575937
235) 0 -2.0 1.0 0.786749131547214
236) 0 6.0 -1.0 -0.19908366251892284
237) 0 2.0 1.0 0.786749131547214
238) 0 9.0 6.0 -0.9840363888387289
239) 0 5.0 -1.0 -0.9261848392897116
240) 0 4.0 -6.0 0.8003730606575937
241) 0 8.0 -1.0 0.9783888223346213
242) 0 -3.0 -7.0 0.9717622535057333
243) 0 5.0 -6.0 0.9990439103118804
244) 0 7.0 6.0 0.2037957684966491
245) 0 -2.0 -2.0 0.30807174236304485
246) 0 7.0 5.0 0.7328169085463447
247) 0 -8.0 9.0 -0.5010191903189258
248) 0 6.0 4.0 0.8003730606575937
249) 0 -2.0 9.0 0.2037957684966491
250) 0 6.0 -7.0 0.2037957684966491
251) 0 8.0 -4.0 0.4622279808582701
252) 0 -7.0 -5.0 0.7328169085463447
253) 0 -4.0 -4.0 -0.586176193003373
254) 0 -7.0 -2.0 0.8398053526495963
255) 0 2.0 -2.0 0.30807174236304485
256) 0 7.0 6.0 0.2037957684966491
257) 0 0.0 -7.0 0.6569865987187891
258) 0 -10.0 -6.0 -0.786095708473608
259) 0 6.0 -8.0 -0.5440211108893698
260) 0 -5.0 -10.0 -0.9829793407063873
261) 0 -7.0 9.0 -0.9186368297074818
262) 0 -4.0 -9.0 -0.41148230684214054
263) 0 -7.0 0.0 0.6569865987187891
264) 0 -6.0 9.0 -0.9840363888387289
265) 0 -7.0 -3.0 0.9717622535057333
266) 0 1.0 -4.0 -0.8313391791635062
267) 0 9.0 1.0 0.36104927727853203
268) 0 0.0 0.0 0.0
269) 0 -2.0 -1.0 0.786749131547214
270) 0 -4.0 7.0 0.9783888223346213
271) 0 4.0 3.0 -0.9589242746631385
272) 0 -6.0 5.0 0.9990439103118804
273) 0 -7.0 -7.0 -0.4570867375418006
274) 0 9.0 -10.0 0.7753400962492819
275) 0 2.0 5.0 -0.7820948988254615
276) 0 8.0 -3.0 0.7712319401165738
277) 0 -5.0 3.0 -0.43697551727207756
278) 0 -3.0 8.0 0.7712319401165738
279) 0 -5.0 -5.0 0.7088612918380416
280) 0 -7.0 9.0 -0.9186368297074818
281) 0 -10.0 5.0 -0.9829793407063873
282) 0 -7.0 -1.0 0.7088612918380416
283) 0 -4.0 -4.0 -0.586176193003373
284) 0 -8.0 -6.0 -0.5440211108893698
285) 0 1.0 -1.0 0.9877659459927356
286) 0 2.0 -7.0 0.8398053526495963
287) 0 2.0 3.0 -0.44749175223692067
288) 0 -3.0 6.0 0.4123377500596421
289) 0 8.0 8.0 -0.949820680215173
290) 0 -5.0 -4.0 0.11965157649377203
291) 0 4.0 -3.0 -0.9589242746631385
292) 0 -1.0 -3.0 -0.020683531529582487
293) 0 -4.0 -6.0 0.8003730606575937
294) 0 -5.0 4.0 0.11965157649377203
295) 0 -5.0 3.0 -0.43697551727207756
296) 0 1.0 2.0 0.786749131547214
297) 0 9.0 5.0 -0.7648781678542789
298) 0 -8.0 4.0 0.4622279808582701
299) 0 1.0 -6.0 -0.19908366251892284
300) 0 -7.0 4.0 0.9783888223346213
301) 0 -6.0 -2.0 0.04135821352247398
302) 0 -7.0 -2.0 0.8398053526495963
303) 0 -7.0 -7.0 -0.4570867375418006
304) 0 -4.0 -8.0 0.4622279808582701
305) 0 1.0 -9.0 0.36104927727853203
306) 0 9.0 -4.0 -0.41148230684214054
307) 0 7.0 -9.0 -0.9186368297074818
308) 0 -6.0 2.0 0.04135821352247398
309) 0 -7.0 7.0 -0.4570867375418006
310) 0 -3.0 1.0 -0.020683531529582487
311) 0 -9.0 0.0 0.4121184852417566
312) 0 -2.0 3.0 -0.44749175223692067
313) 0 7.0 9.0 -0.9186368297074818
314) 0 2.0 -6.0 0.04135821352247398
315) 0 7.0 4.0 0.9783888223346213
316) 0 8.0 9.0 -0.5010191903189258
317) 0 -7.0 5.0 0.7328169085463447
318) 0 0.0 0.0 0.0
319) 0 8.0 8.0 -0.949820680215173
320) 0 0.0 1.0 0.8414709848078965
321) 0 8.0 1.0 0.9783888223346213
322) 0 9.0 5.0 -0.7648781678542789
323) 0 1.0 3.0 -0.020683531529582487
324) 0 7.0 9.0 -0.9186368297074818
325) 0 0.0 4.0 -0.7568024953079282
326) 0 -9.0 6.0 -0.9840363888387289
327) 0 3.0 -1.0 -0.020683531529582487
328) 0 0.0 -1.0 0.8414709848078965
329) 0 -4.0 3.0 -0.9589242746631385
330) 0 -4.0 9.0 -0.41148230684214054
331) 0 8.0 6.0 -0.5440211108893698
332) 0 0.0 0.0 0.0
333) 0 -7.0 -1.0 0.7088612918380416
334) 0 -10.0 -5.0 -0.9829793407063873
335) 0 -1.0 4.0 -0.8313391791635062
336) 0 1.0 -5.0 -0.9261848392897116
337) 0 8.0 -1.0 0.9783888223346213
338) 0 -4.0 -8.0 0.4622279808582701
339) 0 -9.0 -5.0 -0.7648781678542789
340) 0 -6.0 -2.0 0.04135821352247398
341) 0 7.0 6.0 0.2037957684966491
342) 0 5.0 -8.0 -0.009203041372185148
343) 0 0.0 0.0 0.0
344) 0 2.0 -9.0 0.2037957684966491
345) 0 -10.0 0.0 -0.5440211108893698
346) 0 8.0 -2.0 0.9240590869570797
347) 0 2.0 0.0 0.9092974268256817
348) 0 8.0 -1.0 0.9783888223346213
349) 0 6.0 -5.0 0.9990439103118804
350) 0 -6.0 -7.0 0.2037957684966491
351) 0 -4.0 -5.0 0.11965157649377203
352) 0 -9.0 -5.0 -0.7648781678542789
353) 0 4.0 5.0 0.11965157649377203
354) 0 -5.0 9.0 -0.7648781678542789
355) 0 1.0 2.0 0.786749131547214
356) 0 -7.0 -6.0 0.2037957684966491
357) 0 4.0 1.0 -0.8313391791635062
358) 0 8.0 -5.0 -0.009203041372185148
359) 0 -2.0 2.0 0.30807174236304485
360) 0 0.0 -10.0 -0.5440211108893698
361) 0 8.0 2.0 0.9240590869570797
362) 0 -7.0 -7.0 -0.4570867375418006
363) 0 7.0 0.0 0.6569865987187891
364) 0 -1.0 -3.0 -0.020683531529582487
365) 0 1.0 -2.0 0.786749131547214
366) 0 7.0 0.0 0.6569865987187891
367) 0 -2.0 -1.0 0.786749131547214
368) 0 -1.0 5.0 -0.9261848392897116
369) 0 6.0 -1.0 -0.19908366251892284
370) 0 7.0 9.0 -0.9186368297074818
371) 0 -5.0 6.0 0.9990439103118804
372) 0 6.0 5.0 0.9990439103118804
373) 0 7.0 -9.0 -0.9186368297074818
374) 0 -6.0 -5.0 0.9990439103118804
375) 0 -4.0 -2.0 -0.9712777989606532
376) 0 3.0 7.0 0.9717622535057333
377) 0 6.0 9.0 -0.9840363888387289
378) 0 7.0 -9.0 -0.9186368297074818
379) 0 9.0 -5.0 -0.7648781678542789
380) 0 -3.0 4.0 -0.9589242746631385
381) 0 9.0 5.0 -0.7648781678542789
382) 0 1.0 -1.0 0.9877659459927356
383) 0 -4.0 -4.0 -0.586176193003373
384) 0 2.0 9.0 0.2037957684966491
385) 0 7.0 2.0 0.8398053526495963
386) 0 1.0 -5.0 -0.9261848392897116
387) 0 -10.0 -1.0 -0.5851764690934534
388) 0 4.0 4.0 -0.586176193003373
389) 0 7.0 -8.0 -0.9339707316330099
390) 0 -9.0 0.0 0.4121184852417566
391) 0 2.0 1.0 0.786749131547214
392) 0 9.0 6.0 -0.9840363888387289
393) 0 -6.0 2.0 0.04135821352247398
394) 0 2.0 8.0 0.9240590869570797
395) 0 3.0 -1.0 -0.020683531529582487
396) 0 -10.0 7.0 -0.35210108504889737
397) 0 -2.0 -4.0 -0.9712777989606532
398) 0 2.0 5.0 -0.7820948988254615
399) 0 -10.0 7.0 -0.35210108504889737
400) 0 -4.0 5.0 0.11965157649377203
401) 0 7.0 5.0 0.7328169085463447
402) 0 6.0 -4.0 0.8003730606575937
403) 0 -10.0 5.0 -0.9829793407063873
404) 0 6.0 -5.0 0.9990439103118804
405) 0 5.0 -7.0 0.7328169085463447
406) 0 4.0 -7.0 0.9783888223346213
407) 0 6.0 5.0 0.9990439103118804
408) 0 -1.0 -10.0 -0.5851764690934534
409) 0 -6.0 -7.0 0.2037957684966491
410) 0 -5.0 6.0 0.9990439103118804
411) 0 -9.0 -1.0 0.36104927727853203
412) 0 9.0 2.0 0.2037957684966491
413) 0 -6.0 2.0 0.04135821352247398
414) 0 2.0 -1.0 0.786749131547214
415) 0 2.0 2.0 0.30807174236304485
416) 0 7.0 4.0 0.9783888223346213
417) 0 -10.0 5.0 -0.9829793407063873
418) 0 5.0 -5.0 0.7088612918380416
419) 0 -8.0 -9.0 -0.5010191903189258
420) 0 9.0 -5.0 -0.7648781678542789
421) 0 3.0 -6.0 0.4123377500596421
422) 0 -6.0 0.0 -0.27941549819892586
423) 0 -6.0 9.0 -0.9840363888387289
424) 0 3.0 5.0 -0.43697551727207756
425) 0 2.0 -7.0 0.8398053526495963
426) 0 8.0 3.0 0.7712319401165738
427) 0 -1.0 1.0 0.9877659459927356
428) 0 -9.0 -3.0 -0.06201520022829486
429) 0 -3.0 2.0 -0.44749175223692067
430) 0 -8.0 3.0 0.7712319401165738
431) 0 -7.0 -2.0 0.8398053526495963
432) 0 -10.0 -8.0 0.2375839859261567
433) 0 -5.0 4.0 0.11965157649377203
434) 0 -6.0 9.0 -0.9840363888387289
435) 0 4.0 6.0 0.8003730606575937
436) 0 -3.0 -2.0 -0.44749175223692067
437) 0 -8.0 7.0 -0.9339707316330099
438) 0 -4.0 9.0 -0.41148230684214054
439) 0 -5.0 5.0 0.7088612918380416
440) 0 -9.0 2.0 0.2037957684966491
441) 0 -2.0 7.0 0.8398053526495963
442) 0 -1.0 -3.0 -0.020683531529582487
443) 0 4.0 -5.0 0.11965157649377203
444) 0 -2.0 -7.0 0.8398053526495963
445) 0 7.0 -5.0 0.7328169085463447
446) 0 2.0 1.0 0.786749131547214
447) 0 2.0 5.0 -0.7820948988254615
448) 0 1.0 1.0 0.9877659459927356
449) 0 4.0 7.0 0.9783888223346213
450) 0 -3.0 5.0 -0.43697551727207756
451) 0 3.0 -2.0 -0.44749175223692067
452) 0 6.0 -8.0 -0.5440211108893698
453) 0 -5.0 -8.0 -0.009203041372185148
454) 0 0.0 -1.0 0.8414709848078965
455) 0 -2.0 3.0 -0.44749175223692067
456) 0 -2.0 9.0 0.2037957684966491
457) 0 -3.0 0.0 0.1411200080598672
458) 0 -6.0 6.0 0.8072610908541349
459) 0 -9.0 -10.0 0.7753400962492819
460) 0 3.0 1.0 -0.020683531529582487
461) 0 -3.0 4.0 -0.9589242746631385
462) 0 5.0 0.0 -0.9589242746631385
463) 0 9.0 -2.0 0.2037957684966491
464) 0 -6.0 -1.0 -0.19908366251892284
465) 0 6.0 -6.0 0.8072610908541349
466) 0 -2.0 4.0 -0.9712777989606532
467) 0 3.0 4.0 -0.9589242746631385
468) 0 9.0 1.0 0.36104927727853203
469) 0 0.0 0.0 0.0
470) 0 3.0 2.0 -0.44749175223692067
471) 0 1.0 -7.0 0.7088612918380416
472) 0 2.0 4.0 -0.9712777989606532
473) 0 8.0 -4.0 0.4622279808582701
474) 0 3.0 -5.0 -0.43697551727207756
475) 0 6.0 -3.0 0.4123377500596421
476) 0 6.0 2.0 0.04135821352247398
477) 0 -9.0 -1.0 0.36104927727853203
478) 0 3.0 -10.0 -0.8497593056327711
479) 0 -4.0 -6.0 0.8003730606575937
480) 0 7.0 -6.0 0.2037957684966491
481) 0 -6.0 -8.0 -0.5440211108893698
482) 0 9.0 -4.0 -0.41148230684214054
483) 0 -5.0 -1.0 -0.9261848392897116
484) 0 -5.0 7.0 0.7328169085463447
485) 0 -6.0 2.0 0.04135821352247398
486) 0 8.0 -1.0 0.9783888223346213
487) 0 1.0 2.0 0.786749131547214
488) 0 7.0 2.0 0.8398053526495963
489) 0 -1.0 -5.0 -0.9261848392897116
490) 0 6.0 -1.0 -0.19908366251892284
491) 0 -7.0 -4.0 0.9783888223346213
492) 0 -4.0 8.0 0.4622279808582701
493) 0 -2.0 -7.0 0.8398053526495963
494) 0 -4.0 7.0 0.9783888223346213
495) 0 5.0 7.0 0.7328169085463447
496) 0 2.0 -7.0 0.8398053526495963
497) 0 6.0 3.0 0.4123377500596421
498) 0 -1.0 2.0 0.786749131547214
499) 0 -6.0 -4.0 0.8003730606575937
500) 0 3.0 5.0 -0.43697551727207756
501) 0 -4.0 -6.0 0.8003730606575937
502) 0 7.0 3.0 0.9717622535057333
503) 0 6.0 -4.0 0.8003730606575937
504) 0 -2.0 2.0 0.30807174236304485
505) 0 -4.0 -7.0 0.9783888223346213
506) 0 -9.0 2.0 0.2037957684966491
507) 0 7.0 -3.0 0.9717622535057333
508) 0 1.0 -6.0 -0.19908366251892284
509) 0 -7.0 -7.0 -0.4570867375418006
510) 0 -1.0 -7.0 0.7088612918380416
511) 0 0.0 -7.0 0.6569865987187891
512) 0 -10.0 4.0 -0.9747394897226348
513) 0 -3.0 1.0 -0.020683531529582487
514) 0 -8.0 6.0 -0.5440211108893698
515) 0 -10.0 -6.0 -0.786095708473608
516) 0 -9.0 3.0 -0.06201520022829486
517) 0 5.0 -5.0 0.7088612918380416
518) 0 -5.0 0.0 -0.9589242746631385
519) 0 -10.0 7.0 -0.35210108504889737
520) 0 4.0 -1.0 -0.8313391791635062
521) 0 -3.0 4.0 -0.9589242746631385
522) 0 -1.0 -9.0 0.36104927727853203
523) 0 1.0 -3.0 -0.020683531529582487
524) 0 9.0 -1.0 0.36104927727853203
525) 0 9.0 -8.0 -0.5010191903189258
526) 0 7.0 9.0 -0.9186368297074818
527) 0 6.0 4.0 0.8003730606575937
528) 0 7.0 9.0 -0.9186368297074818
529) 0 -9.0 9.0 0.16084964506716973
530) 0 1.0 -9.0 0.36104927727853203
531) 0 -2.0 9.0 0.2037957684966491
532) 0 -4.0 9.0 -0.41148230684214054
533) 0 6.0 1.0 -0.19908366251892284
534) 0 -4.0 7.0 0.9783888223346213
535) 0 -3.0 7.0 0.9717622535057333
536) 0 2.0 5.0 -0.7820948988254615
537) 0 7.0 -6.0 0.2037957684966491
538) 0 -6.0 3.0 0.4123377500596421
539) 0 6.0 -8.0 -0.5440211108893698
540) 0 -8.0 -5.0 -0.009203041372185148
541) 0 6.0 -3.0 0.4123377500596421
542) 0 -3.0 -7.0 0.9717622535057333
543) 0 -6.0 -5.0 0.9990439103118804
544) 0 -4.0 5.0 0.11965157649377203
545) 0 2.0 6.0 0.04135821352247398
546) 0 -5.0 -1.0 -0.9261848392897116
547) 0 0.0 0.0 0.0
548) 0 2.0 5.0 -0.7820948988254615
549) 0 1.0 -2.0 0.786749131547214
550) 0 -10.0 -6.0 -0.786095708473608
551) 0 -6.0 9.0 -0.9840363888387289
552) 0 -7.0 -1.0 0.7088612918380416
553) 0 -9.0 2.0 0.2037957684966491
554) 0 -5.0 -4.0 0.11965157649377203
555) 0 -2.0 8.0 0.9240590869570797
556) 0 -8.0 8.0 -0.949820680215173
557) 0 9.0 -9.0 0.16084964506716973
558) 0 1.0 2.0 0.786749131547214
559) 0 0.0 8.0 0.9893582466233818
560) 0 -7.0 5.0 0.7328169085463447
561) 0 -3.0 5.0 -0.43697551727207756
562) 0 -5.0 -9.0 -0.7648781678542789
563) 0 -1.0 -2.0 0.786749131547214
564) 0 -5.0 0.0 -0.9589242746631385
565) 0 -7.0 -1.0 0.7088612918380416
566) 0 8.0 2.0 0.9240590869570797
567) 0 -6.0 -9.0 -0.9840363888387289
568) 0 -9.0 -10.0 0.7753400962492819
569) 0 4.0 3.0 -0.9589242746631385
570) 0 -3.0 -10.0 -0.8497593056327711
571) 0 -9.0 3.0 -0.06201520022829486
572) 0 -9.0 7.0 -0.9186368297074818
573) 0 -6.0 1.0 -0.19908366251892284
574) 0 3.0 8.0 0.7712319401165738
575) 0 5.0 -4.0 0.11965157649377203
576) 0 9.0 9.0 0.16084964506716973
577) 0 -3.0 -2.0 -0.44749175223692067
578) 0 8.0 -8.0 -0.949820680215173
579) 0 9.0 -6.0 -0.9840363888387289
580) 0 6.0 -10.0 -0.786095708473608
581) 0 1.0 0.0 0.8414709848078965
582) 0 -5.0 4.0 0.11965157649377203
583) 0 2.0 1.0 0.786749131547214
584) 0 2.0 -4.0 -0.9712777989606532
585) 0 -8.0 3.0 0.7712319401165738
586) 0 -4.0 0.0 -0.7568024953079282
587) 0 -1.0 -1.0 0.9877659459927356
588) 0 9.0 -9.0 0.16084964506716973
589) 0 -6.0 5.0 0.9990439103118804
590) 0 -5.0 9.0 -0.7648781678542789
591) 0 -1.0 9.0 0.36104927727853203
592) 0 0.0 6.0 -0.27941549819892586
593) 0 -6.0 6.0 0.8072610908541349
594) 0 -3.0 -9.0 -0.06201520022829486
595) 0 9.0 8.0 -0.5010191903189258
596) 0 -8.0 -4.0 0.4622279808582701
597) 0 -4.0 6.0 0.8003730606575937
598) 0 -2.0 -2.0 0.30807174236304485
599) 0 -7.0 -9.0 -0.9186368297074818
600) 0 4.0 0.0 -0.7568024953079282
601) 0 -10.0 1.0 -0.5851764690934534
602) 0 -1.0 4.0 -0.8313391791635062
603) 0 -7.0 -2.0 0.8398053526495963
604) 0 4.0 1.0 -0.8313391791635062
605) 0 -2.0 8.0 0.9240590869570797
606) 0 -7.0 -5.0 0.7328169085463447
607) 0 8.0 -2.0 0.9240590869570797
608) 0 1.0 0.0 0.8414709848078965
609) 0 -3.0 -2.0 -0.44749175223692067
610) 0 -10.0 0.0 -0.5440211108893698
611) 0 7.0 0.0 0.6569865987187891
612) 0 -5.0 -5.0 0.7088612918380416
613) 0 -9.0 -6.0 -0.9840363888387289
614) 0 5.0 7.0 0.7328169085463447
615) 0 -2.0 -7.0 0.8398053526495963
616) 0 -6.0 -6.0 0.8072610908541349
617) 0 4.0 -2.0 -0.9712777989606532
618) 0 9.0 7.0 -0.9186368297074818
619) 0 8.0 -1.0 0.9783888223346213
620) 0 -6.0 -8.0 -0.5440211108893698
621) 0 3.0 -1.0 -0.020683531529582487
622) 0 -9.0 8.0 -0.5010191903189258
623) 0 -6.0 -1.0 -0.19908366251892284
624) 0 -9.0 5.0 -0.7648781678542789
625) 0 4.0 -6.0 0.8003730606575937
626) 0 4.0 3.0 -0.9589242746631385
627) 0 5.0 4.0 0.11965157649377203
628) 0 -1.0 -8.0 0.9783888223346213
629) 0 0.0 3.0 0.1411200080598672
630) 0 -2.0 5.0 -0.7820948988254615
631) 0 9.0 -10.0 0.7753400962492819
632) 0 9.0 -9.0 0.16084964506716973
633) 0 -6.0 5.0 0.9990439103118804
634) 0 7.0 1.0 0.7088612918380416
635) 0 1.0 -7.0 0.7088612918380416
636) 0 -9.0 7.0 -0.9186368297074818
637) 0 2.0 -6.0 0.04135821352247398
638) 0 3.0 -6.0 0.4123377500596421
639) 0 9.0 5.0 -0.7648781678542789
640) 0 6.0 -9.0 -0.9840363888387289
641) 0 7.0 4.0 0.9783888223346213
642) 0 1.0 -8.0 0.9783888223346213
643) 0 7.0 4.0 0.9783888223346213
644) 0 -3.0 3.0 -0.8916822544789358
645) 0 -5.0 3.0 -0.43697551727207756
646) 0 5.0 0.0 -0.9589242746631385
647) 0 -2.0 -8.0 0.9240590869570797
648) 0 -4.0 9.0 -0.41148230684214054
649) 0 -1.0 -5.0 -0.9261848392897116
650) 0 -1.0 6.0 -0.19908366251892284
651) 0 -10.0 0.0 -0.5440211108893698
652) 0 -2.0 -7.0 0.8398053526495963
653) 0 -3.0 4.0 -0.9589242746631385
654) 0 -2.0 0.0 0.9092974268256817
655) 0 1.0 9.0 0.36104927727853203
656) 0 7.0 5.0 0.7328169085463447
657) 0 -3.0 -7.0 0.9717622535057333
658) 0 1.0 9.0 0.36104927727853203
659) 0 9.0 4.0 -0.41148230684214054
660) 0 1.0 -4.0 -0.8313391791635062
661) 0 8.0 -9.0 -0.5010191903189258
662) 0 6.0 5.0 0.9990439103118804
663) 0 -7.0 8.0 -0.9339707316330099
664) 0 5.0 -6.0 0.9990439103118804
665) 0 8.0 9.0 -0.5010191903189258
666) 0 2.0 -3.0 -0.44749175223692067
667) 0 -4.0 8.0 0.4622279808582701
668) 0 5.0 -9.0 -0.7648781678542789
669) 0 -5.0 7.0 0.7328169085463447
670) 0 -10.0 9.0 0.7753400962492819
671) 0 3.0 -7.0 0.9717622535057333
672) 0 8.0 -1.0 0.9783888223346213
673) 0 -10.0 -7.0 -0.35210108504889737
674) 0 8.0 -7.0 -0.9339707316330099
675) 0 -10.0 -8.0 0.2375839859261567
676) 0 -4.0 8.0 0.4622279808582701
677) 0 0.0 6.0 -0.27941549819892586
678) 0 -3.0 6.0 0.4123377500596421
679) 0 6.0 -2.0 0.04135821352247398
680) 0 -3.0 0.0 0.1411200080598672
681) 0 -4.0 -8.0 0.4622279808582701
682) 0 -6.0 -1.0 -0.19908366251892284
683) 0 -9.0 -5.0 -0.7648781678542789
684) 0 -2.0 -7.0 0.8398053526495963
685) 0 -5.0 -7.0 0.7328169085463447
686) 0 1.0 -1.0 0.9877659459927356
687) 0 -5.0 5.0 0.7088612918380416
688) 0 4.0 1.0 -0.8313391791635062
689) 0 -10.0 8.0 0.2375839859261567
690) 0 -6.0 -1.0 -0.19908366251892284
691) 0 9.0 -10.0 0.7753400962492819
692) 0 -10.0 -5.0 -0.9829793407063873
693) 0 -9.0 9.0 0.16084964506716973
694) 0 -10.0 5.0 -0.9829793407063873
695) 0 6.0 6.0 0.8072610908541349
696) 0 9.0 6.0 -0.9840363888387289
697) 0 9.0 -10.0 0.7753400962492819
698) 0 8.0 -10.0 0.2375839859261567
699) 0 8.0 -9.0 -0.5010191903189258
700) 0 -6.0 3.0 0.4123377500596421
701) 0 -4.0 -8.0 0.4622279808582701
702) 0 4.0 -5.0 0.11965157649377203
703) 0 -1.0 8.0 0.9783888223346213
704) 0 -9.0 -3.0 -0.06201520022829486
705) 0 -10.0 9.0 0.7753400962492819
706) 0 3.0 6.0 0.4123377500596421
707) 0 -5.0 -4.0 0.11965157649377203
708) 0 -9.0 -8.0 -0.5010191903189258
709) 0 -6.0 9.0 -0.9840363888387289
710) 0 -7.0 -1.0 0.7088612918380416
711) 0 4.0 5.0 0.11965157649377203
712) 0 -7.0 1.0 0.7088612918380416
713) 0 9.0 -8.0 -0.5010191903189258
714) 0 3.0 0.0 0.1411200080598672
715) 0 -6.0 8.0 -0.5440211108893698
716) 0 -4.0 4.0 -0.586176193003373
717) 0 -6.0 -1.0 -0.19908366251892284
718) 0 6.0 6.0 0.8072610908541349
719) 0 -9.0 -7.0 -0.9186368297074818
720) 0 6.0 -4.0 0.8003730606575937
721) 0 5.0 0.0 -0.9589242746631385
722) 0 2.0 -6.0 0.04135821352247398
723) 0 -10.0 9.0 0.7753400962492819
724) 0 -10.0 -3.0 -0.8497593056327711
725) 0 2.0 -8.0 0.9240590869570797
726) 0 5.0 -7.0 0.7328169085463447
727) 0 1.0 0.0 0.8414709848078965
728) 0 9.0 3.0 -0.06201520022829486
729) 0 4.0 -9.0 -0.41148230684214054
730) 0 4.0 -5.0 0.11965157649377203
731) 0 7.0 0.0 0.6569865987187891
732) 0 -5.0 4.0 0.11965157649377203
733) 0 7.0 1.0 0.7088612918380416
734) 0 -7.0 -6.0 0.2037957684966491
735) 0 3.0 4.0 -0.9589242746631385
736) 0 5.0 -4.0 0.11965157649377203
737) 0 2.0 -1.0 0.786749131547214
738) 0 7.0 -10.0 -0.35210108504889737
739) 0 -10.0 5.0 -0.9829793407063873
740) 0 7.0 -10.0 -0.35210108504889737
741) 0 -1.0 4.0 -0.8313391791635062
742) 0 2.0 5.0 -0.7820948988254615
743) 0 2.0 1.0 0.786749131547214
744) 0 8.0 -2.0 0.9240590869570797
745) 0 -3.0 -6.0 0.4123377500596421
746) 0 3.0 2.0 -0.44749175223692067
747) 0 -2.0 -3.0 -0.44749175223692067
748) 0 6.0 -10.0 -0.786095708473608
749) 0 2.0 3.0 -0.44749175223692067
750) 0 -3.0 -6.0 0.4123377500596421
751) 0 1.0 1.0 0.9877659459927356
752) 0 2.0 8.0 0.9240590869570797
753) 0 -7.0 3.0 0.9717622535057333
754) 0 4.0 -9.0 -0.41148230684214054
755) 0 0.0 1.0 0.8414709848078965
756) 0 1.0 7.0 0.7088612918380416
757) 0 -3.0 1.0 -0.020683531529582487
758) 0 -3.0 8.0 0.7712319401165738
759) 0 -3.0 -2.0 -0.44749175223692067
760) 0 6.0 -9.0 -0.9840363888387289
761) 0 -2.0 3.0 -0.44749175223692067
762) 0 -9.0 3.0 -0.06201520022829486
763) 0 -8.0 7.0 -0.9339707316330099
764) 0 3.0 5.0 -0.43697551727207756
765) 0 -6.0 -4.0 0.8003730606575937
766) 0 -1.0 6.0 -0.19908366251892284
767) 0 -7.0 -6.0 0.2037957684966491
768) 0 0.0 -3.0 0.1411200080598672
769) 0 -3.0 2.0 -0.44749175223692067
770) 0 -8.0 -10.0 0.2375839859261567
771) 0 -7.0 -5.0 0.7328169085463447
772) 0 2.0 -9.0 0.2037957684966491
773) 0 5.0 -1.0 -0.9261848392897116
774) 0 -9.0 -3.0 -0.06201520022829486
775) 0 7.0 -2.0 0.8398053526495963
776) 0 -7.0 7.0 -0.4570867375418006
777) 0 2.0 -3.0 -0.44749175223692067
778) 0 7.0 4.0 0.9783888223346213
779) 0 3.0 -2.0 -0.44749175223692067
780) 0 -6.0 -6.0 0.8072610908541349
781) 0 6.0 6.0 0.8072610908541349
782) 0 6.0 5.0 0.9990439103118804
783) 0 -1.0 0.0 0.8414709848078965
784) 0 -6.0 8.0 -0.5440211108893698
785) 0 1.0 -9.0 0.36104927727853203
786) 0 -6.0 -10.0 -0.786095708473608
787) 0 -10.0 -4.0 -0.9747394897226348
788) 0 -4.0 6.0 0.8003730606575937
789) 0 -10.0 -5.0 -0.9829793407063873
790) 0 8.0 9.0 -0.5010191903189258
791) 0 3.0 2.0 -0.44749175223692067
792) 0 7.0 5.0 0.7328169085463447
793) 0 5.0 -2.0 -0.7820948988254615
794) 0 -2.0 -7.0 0.8398053526495963
795) 0 -7.0 -8.0 -0.9339707316330099
796) 0 -7.0 -1.0 0.7088612918380416
797) 0 -1.0 -7.0 0.7088612918380416
798) 0 2.0 -9.0 0.2037957684966491
799) 0 8.0 -10.0 0.2375839859261567
800) 0 -8.0 6.0 -0.5440211108893698
801) 0 4.0 -1.0 -0.8313391791635062
802) 0 3.0 -3.0 -0.8916822544789358
803) 0 -3.0 -1.0 -0.020683531529582487
804) 0 -2.0 -10.0 -0.6984726873116567
805) 0 0.0 6.0 -0.27941549819892586
806) 0 5.0 7.0 0.7328169085463447
807) 0 6.0 -8.0 -0.5440211108893698
808) 0 -9.0 4.0 -0.41148230684214054
809) 0 -9.0 2.0 0.2037957684966491
810) 0 -1.0 -5.0 -0.9261848392897116
811) 0 -2.0 -9.0 0.2037957684966491
812) 0 -10.0 -7.0 -0.35210108504889737
813) 0 3.0 1.0 -0.020683531529582487
814) 0 5.0 -5.0 0.7088612918380416
815) 0 -8.0 2.0 0.9240590869570797
816) 0 -4.0 8.0 0.4622279808582701
817) 0 -7.0 8.0 -0.9339707316330099
818) 0 8.0 -4.0 0.4622279808582701
819) 0 2.0 6.0 0.04135821352247398
820) 0 -7.0 -7.0 -0.4570867375418006
821) 0 -2.0 7.0 0.8398053526495963
822) 0 -2.0 -1.0 0.786749131547214
823) 0 8.0 3.0 0.7712319401165738
824) 0 4.0 -7.0 0.9783888223346213
825) 0 -10.0 7.0 -0.35210108504889737
826) 0 -3.0 1.0 -0.020683531529582487
827) 0 3.0 -7.0 0.9717622535057333
828) 0 -3.0 7.0 0.9717622535057333
829) 0 -3.0 -7.0 0.9717622535057333
830) 0 4.0 -2.0 -0.9712777989606532
831) 0 1.0 7.0 0.7088612918380416
832) 0 -10.0 -7.0 -0.35210108504889737
833) 0 9.0 9.0 0.16084964506716973
834) 0 8.0 -6.0 -0.5440211108893698
835) 0 -6.0 2.0 0.04135821352247398
836) 0 -4.0 4.0 -0.586176193003373
837) 0 -7.0 2.0 0.8398053526495963
838) 0 7.0 1.0 0.7088612918380416
839) 0 -8.0 -10.0 0.2375839859261567
840) 0 7.0 3.0 0.9717622535057333
841) 0 -6.0 5.0 0.9990439103118804
842) 0 -1.0 -7.0 0.7088612918380416
843) 0 -6.0 -5.0 0.9990439103118804
844) 0 -6.0 -7.0 0.2037957684966491
845) 0 -7.0 -2.0 0.8398053526495963
846) 0 7.0 2.0 0.8398053526495963
847) 0 -10.0 -9.0 0.7753400962492819
848) 0 6.0 -6.0 0.8072610908541349
849) 0 -7.0 -7.0 -0.4570867375418006
850) 0 -5.0 8.0 -0.009203041372185148
851) 0 -10.0 -10.0 0.9999876561221204
852) 0 1.0 -2.0 0.786749131547214
853) 0 6.0 -6.0 0.8072610908541349
854) 0 0.0 1.0 0.8414709848078965
855) 0 -1.0 -8.0 0.9783888223346213
856) 0 -7.0 3.0 0.9717622535057333
857) 0 1.0 -4.0 -0.8313391791635062
858) 0 -1.0 4.0 -0.8313391791635062
859) 0 6.0 8.0 -0.5440211108893698
860) 0 6.0 1.0 -0.19908366251892284
861) 0 5.0 5.0 0.7088612918380416
862) 0 4.0 -1.0 -0.8313391791635062
863) 0 8.0 -5.0 -0.009203041372185148
864) 0 9.0 -5.0 -0.7648781678542789
865) 0 -6.0 6.0 0.8072610908541349
866) 0 -2.0 -9.0 0.2037957684966491
867) 0 -3.0 -1.0 -0.020683531529582487
868) 0 -8.0 8.0 -0.949820680215173
869) 0 -7.0 7.0 -0.4570867375418006
870) 0 8.0 5.0 -0.009203041372185148
871) 0 3.0 3.0 -0.8916822544789358
872) 0 9.0 7.0 -0.9186368297074818
873) 0 5.0 5.0 0.7088612918380416
874) 0 -2.0 8.0 0.9240590869570797
875) 0 -1.0 -1.0 0.9877659459927356
876) 0 -5.0 8.0 -0.009203041372185148
877) 0 0.0 3.0 0.1411200080598672
878) 0 -5.0 1.0 -0.9261848392897116
879) 0 -9.0 -10.0 0.7753400962492819
880) 0 -7.0 -8.0 -0.9339707316330099
881) 0 -10.0 6.0 -0.786095708473608
882) 0 -2.0 3.0 -0.44749175223692067
883) 0 -8.0 9.0 -0.5010191903189258
884) 0 2.0 -1.0 0.786749131547214
885) 0 -8.0 -8.0 -0.949820680215173
886) 0 3.0 9.0 -0.06201520022829486
887) 0 9.0 -4.0 -0.41148230684214054
888) 0 8.0 -2.0 0.9240590869570797
889) 0 -10.0 2.0 -0.6984726873116567
890) 0 -2.0 -7.0 0.8398053526495963
891) 0 6.0 -7.0 0.2037957684966491
892) 0 0.0 6.0 -0.27941549819892586
893) 0 -1.0 9.0 0.36104927727853203
894) 0 6.0 5.0 0.9990439103118804
895) 0 3.0 0.0 0.1411200080598672
896) 0 -7.0 1.0 0.7088612918380416
897) 0 3.0 5.0 -0.43697551727207756
898) 0 -8.0 -6.0 -0.5440211108893698
899) 0 5.0 1.0 -0.9261848392897116
900) 0 9.0 -3.0 -0.06201520022829486
901) 0 0.0 4.0 -0.7568024953079282
902) 0 -1.0 0.0 0.8414709848078965
903) 0 -4.0 -4.0 -0.586176193003373
904) 0 8.0 -4.0 0.4622279808582701
905) 0 -4.0 3.0 -0.9589242746631385
906) 0 -8.0 6.0 -0.5440211108893698
907) 0 -3.0 1.0 -0.020683531529582487
908) 0 6.0 -9.0 -0.9840363888387289
909) 0 -1.0 -1.0 0.9877659459927356
910) 0 2.0 -5.0 -0.7820948988254615
911) 0 -9.0 -8.0 -0.5010191903189258
912) 0 2.0 -6.0 0.04135821352247398
913) 0 -5.0 -3.0 -0.43697551727207756
914) 0 -1.0 -1.0 0.9877659459927356
915) 0 -3.0 -4.0 -0.9589242746631385
916) 0 -5.0 -6.0 0.9990439103118804
917) 0 0.0 0.0 0.0
918) 0 -7.0 -4.0 0.9783888223346213
919) 0 0.0 -10.0 -0.5440211108893698
920) 0 8.0 8.0 -0.949820680215173
921) 0 -7.0 3.0 0.9717622535057333
922) 0 -9.0 -9.0 0.16084964506716973
923) 0 -7.0 0.0 0.6569865987187891
924) 0 0.0 -6.0 -0.27941549819892586
925) 0 -3.0 -10.0 -0.8497593056327711
926) 0 -5.0 3.0 -0.43697551727207756
927) 0 8.0 3.0 0.7712319401165738
928) 0 -10.0 -6.0 -0.786095708473608
929) 0 0.0 -10.0 -0.5440211108893698
930) 0 4.0 8.0 0.4622279808582701
931) 0 -10.0 9.0 0.7753400962492819
932) 0 8.0 1.0 0.9783888223346213
933) 0 -3.0 -3.0 -0.8916822544789358
934) 0 -6.0 6.0 0.8072610908541349
935) 0 8.0 -6.0 -0.5440211108893698
936) 0 -9.0 7.0 -0.9186368297074818
937) 0 -6.0 9.0 -0.9840363888387289
938) 0 -2.0 3.0 -0.44749175223692067
939) 0 -8.0 2.0 0.9240590869570797
940) 0 9.0 -2.0 0.2037957684966491
941) 0 5.0 2.0 -0.7820948988254615
942) 0 -3.0 6.0 0.4123377500596421
943) 0 4.0 -9.0 -0.41148230684214054
944) 0 -10.0 -6.0 -0.786095708473608
945) 0 7.0 1.0 0.7088612918380416
946) 0 7.0 -8.0 -0.9339707316330099
947) 0 -3.0 5.0 -0.43697551727207756
948) 0 -5.0 -1.0 -0.9261848392897116
949) 0 8.0 9.0 -0.5010191903189258
950) 0 1.0 2.0 0.786749131547214
951) 0 2.0 -3.0 -0.44749175223692067
952) 0 -4.0 9.0 -0.41148230684214054
953) 0 0.0 4.0 -0.7568024953079282
954) 0 0.0 -4.0 -0.7568024953079282
955) 0 1.0 5.0 -0.9261848392897116
956) 0 -4.0 6.0 0.8003730606575937
957) 0 -10.0 8.0 0.2375839859261567
958) 0 5.0 -8.0 -0.009203041372185148
959) 0 -1.0 -5.0 -0.9261848392897116
960) 0 -9.0 5.0 -0.7648781678542789
961) 0 -3.0 -10.0 -0.8497593056327711
962) 0 -7.0 -7.0 -0.4570867375418006
963) 0 -4.0 7.0 0.9783888223346213
964) 0 -7.0 -10.0 -0.35210108504889737
965) 0 7.0 -10.0 -0.35210108504889737
966) 0 4.0 -10.0 -0.9747394897226348
967) 0 -6.0 1.0 -0.19908366251892284
968) 0 3.0 8.0 0.7712319401165738
969) 0 4.0 -3.0 -0.9589242746631385
970) 0 -4.0 1.0 -0.8313391791635062
971) 0 7.0 3.0 0.9717622535057333
972) 0 -5.0 3.0 -0.43697551727207756
973) 0 -9.0 3.0 -0.06201520022829486
974) 0 -5.0 6.0 0.9990439103118804
975) 0 9.0 -2.0 0.2037957684966491
976) 0 5.0 9.0 -0.7648781678542789
977) 0 -5.0 5.0 0.7088612918380416
978) 0 2.0 0.0 0.9092974268256817
979) 0 -5.0 8.0 -0.009203041372185148
980) 0 -5.0 -5.0 0.7088612918380416
981) 0 -7.0 -6.0 0.2037957684966491
982) 0 5.0 5.0 0.7088612918380416
983) 0 -8.0 -1.0 0.9783888223346213
984) 0 0.0 8.0 0.9893582466233818
985) 0 1.0 -5.0 -0.9261848392897116
986) 0 -6.0 9.0 -0.9840363888387289
987) 0 6.0 -4.0 0.8003730606575937
988) 0 5.0 -6.0 0.9990439103118804
989) 0 -8.0 -1.0 0.9783888223346213
990) 0 -5.0 0.0 -0.9589242746631385
991) 0 -10.0 -8.0 0.2375839859261567
992) 0 9.0 0.0 0.4121184852417566
993) 0 8.0 0.0 0.9893582466233818
994) 0 -5.0 -4.0 0.11965157649377203
995) 0 1.0 1.0 0.9877659459927356
996) 0 6.0 -2.0 0.04135821352247398
997) 0 9.0 -4.0 -0.41148230684214054
998) 0 -7.0 3.0 0.9717622535057333
999) 0 -9.0 0.0 0.4121184852417566
END
TOTAL TIME: 98578573
POINT TIME: 417003
BEST: -10.0 -10.0 0.9999876561221204
