-10
10
-10
10
1
0
0
0) 0 -2.0 8.0 0.9240590869570797
1) 0 -10.0 -3.0 -0.8497593056327711
2) 0 0.0 8.0 0.9893582466233818
3) 0 3.0 -7.0 0.9717622535057333
4) 0 -6.0 -5.0 0.9990439103118804
5) 0 3.0 4.0 -0.9589242746631385
6) 0 9.0 2.0 0.2037957684966491
7) 0 2.0 8.0 0.9240590869570797
8) 0 -6.0 -1.0 -0.19908366251892284
9) 0 7.0 6.0 0.2037957684966491
10) 0 5.0 0.0 -0.9589242746631385
11) 0 -3.0 6.0 0.4123377500596421
12) 0 3.0 -6.0 0.4123377500596421
13) 0 -3.0 3.0 -0.8916822544789358
14) 0 -2.0 0.0 0.9092974268256817
15) 0 -1.0 -8.0 0.9783888223346213
16) 0 -1.0 -4.0 -0.8313391791635062
17) 0 1.0 1.0 0.9877659459927356
18) 0 -8.0 -2.0 0.9240590869570797
19) 0 0.0 9.0 0.4121184852417566
20) 0 8.0 5.0 -0.009203041372185148
21) 0 8.0 -2.0 0.9240590869570797
22) 0 4.0 5.0 0.11965157649377203
23) 0 -7.0 9.0 -0.9186368297074818
24) 0 1.0 -2.0 0.786749131547214
25) 0 -10.0 -1.0 -0.5851764690934534
26) 0 7.0 -4.0 0.9783888223346213
27) 0 7.0 9.0 -0.9186368297074818
28) 0 -7.0 -7.0 -0.4570867375418006
29) 0 -6.0 -5.0 0.9990439103118804
30) 0 -2.0 -6.0 0.04135821352247398
31) 0 -1.0 6.0 -0.19908366251892284
32) 0 -9.0 -4.0 -0.41148230684214054
33) 0 -2.0 -9.0 0.2037957684966491
34) 0 4.0 -8.0 0.4622279808582701
35) 0 8.0 3.0 0.7712319401165738
36) 0 7.0 3.0 0.9717622535057333
37) 0 -6.0 4.0 0.8003730606575937
38) 0 7.0 5.0 0.7328169085463447
39) 0 5.0 7.0 0.7328169085463447
40) 0 -8.0 -4.0 0.4622279808582701
41) 0 -5.0 5.0 0.7088612918380416
42) 0 -6.0 9.0 -0.9840363888387289
43) 0 1.0 -7.0 0.7088612918380416
44) 0 9.0 -1.0 0.36104927727853203
45) 0 9.0 2.0 0.2037957684966491
46) 0 0.0 -4.0 -0.7568024953079282
47) 0 -7.0 -2.0 0.8398053526495963
48) 0 4.0 0.0 -0.7568024953079282
49) 0 -7.0 -10.0 -0.35210108504889737
50) 0 4.0 1.0 -0.8313391791635062
51) 0 -7.0 -3.0 0.9717622535057333
52) 0 4.0 9.0 -0.41148230684214054
53) 0 -1.0 -7.0 0.7088612918380416
54) 0 4.0 -7.0 0.9783888223346213
55) 0 5.0 -7.0 0.7328169085463447
56) 0 8.0 1.0 0.9783888223346213
57) 0 5.0 -7.0 0.7328169085463447
58) 0 1.0 -9.0 0.36104927727853203
59) 0 -3.0 -3.0 -0.8916822544789358
60) 0 5.0 9.0 -0.7648781678542789
61) 0 8.0 9.0 -0.5010191903189258
62) 0 -8.0 5.0 -0.009203041372185148
63) 0 -4.0 5.0 0.11965157649377203
64) 0 -7.0 4.0 0.9783888223346213
65) 0 7.0 -7.0 -0.4570867375418006
66) 0 6.0 9.0 -0.9840363888387289
67) 0 -3.0 -1.0 -0.020683531529582487
68) 0 -9.0 -5.0 -0.7648781678542789
69) 0 -3.0 2.0 -0.44749175223692067
70) 0 7.0 -1.0 0.7088612918380416
71) 0 4.0 0.0 -0.7568024953079282
72) 0 -5.0 -5.0 0.7088612918380416
73) 0 -9.0 -1.0 0.36104927727853203
74) 0 -8.0 -10.0 0.2375839859261567
75) 0 -3.0 -2.0 -0.44749175223692067
76) 0 8.0 -7.0 -0.9339707316330099
77) 0 -9.0 4.0 -0.41148230684214054
78) 0 -8.0 -2.0 0.9240590869570797
79) 0 9.0 -7.0 -0.9186368297074818
80) 0 8.0 -2.0 0.9240590869570797
81) 0 -7.0 -2.0 0.8398053526495963
82) 0 3.0 3.0 -0.8916822544789358
83) 0 -9.0 1.0 0.36104927727853203
84) 0 -10.0 -7.0 -0.35210108504889737
85) 0 -1.0 6.0 -0.19908366251892284
86) 0 8.0 -1.0 0.9783888223346213
87) 0 -3.0 7.0 0.9717622535057333
88) 0 1.0 -1.0 0.9877659459927356
89) 0 -7.0 -3.0 0.9717622535057333
90) 0 -9.0 9.0 0.16084964506716973
91) 0 6.0 3.0 0.4123377500596421
92) 0 6.0 -5.0 0.9990439103118804
93) 0 -2.0 9.0 0.2037957684966491
94) 0 -9.0 -8.0 -0.5010191903189258
95) 0 5.0 -10.0 -0.9829793407063873
96) 0 -8.0 4.0 0.4622279808582701
97) 0 -6.0 2.0 0.04135821352247398
98) 0 -4.0 -4.0 -0.586176193003373
99) 0 2.0 1.0 0.786749131547214
END
TOTAL TIME: 65753858
POINT TIME: 388553
BEST: -6.0 -5.0 0.9990439103118804
