-10
10
-10
50
2
10
50
0) 0 -3.547793595484075 50.0 -0.13931743527994853
1) 0 -10.0 15.169961941949342 -0.6289003720046797
2) 0 10.0 41.11080211953917 -0.9948075504133791
3) 0 5.492389734460834 14.374228618236224 0.31470905973581914
4) 0 10.0 22.70607426502952 -0.316599588272569
5) 0 -7.822297211243223 21.48184869294804 -0.7646960922457787
6) 0 6.9704473626332835 39.16316277441637 0.8733613381317697
7) 0 -10.0 50.0 0.6629203553108958
8) 0 2.080515760240111 19.801162981952597 0.8726522350351399
9) 0 -10.0 50.0 0.6629203553108958
0) 1 -10.0 50.0 0.6629203553108958
1) 1 -10.0 12.825924366001269 -0.5274752337037384
2) 1 10.0 50.0 0.6629203553108958
3) 1 7.404986520816368 40.20357107107726 -0.039121038821212956
4) 1 10.0 23.411865968488886 0.3196601538982599
5) 1 -9.569821985307309 10.836383061039331 0.949246136752209
6) 1 -1.9803269060339979 32.82702971879513 0.9950026991909349
7) 1 -10.0 50.0 0.6629203553108958
8) 1 9.12882439669688 50.0 0.5320674701914561
9) 1 -10.0 50.0 0.6629203553108958
0) 2 -10.0 50.0 0.6629203553108958
1) 2 -10.0 11.848354258846976 0.2022525465174816
2) 2 10.0 50.0 0.6629203553108958
3) 2 3.0875082695416918 50.0 -0.16942488054442761
4) 2 10.0 24.703675274812355 0.9986160505475017
5) 2 -4.799500778956095 1.21367982823676 -0.9717667632073359
6) 2 -5.036359650040855 26.235256131583487 0.9999421341243749
7) 2 -10.0 40.33807843259913 -0.658193665907889
8) 2 6.329656732344406 50.0 0.13317383137860633
9) 2 -10.0 49.76734165548493 0.4764327576250506
0) 3 -10.0 39.82606765483557 -0.21982420919245937
1) 3 -10.0 20.833220280395658 -0.8991356251351317
2) 3 1.6534516440550338 50.0 -0.23590612409293601
3) 3 -5.616791133478133 50.0 0.048992281812156306
4) 3 10.0 26.870505746338672 -0.38631069955625524
5) 3 -0.16285346360453623 0.9876084338719409 0.841981403878733
6) 3 -8.092392394047712 19.643482544371842 0.6787604296679102
7) 3 -10.0 23.942369075975996 0.7270877443138447
8) 3 -1.8923529843081655 50.0 -0.22767107377695336
9) 3 -10.0 46.18121266105343 -0.12726571686096622
0) 4 -10.0 29.783978715866482 0.0019885455462452266
1) 4 -8.639877904094215 31.98785035885051 0.9891563568257593
2) 4 -9.920469383474058 47.01495416751395 -0.799408024487496
3) 4 -10.0 50.0 0.6629203553108958
4) 4 6.155842218808666 29.00900891727712 -0.9819731563828888
5) 4 2.6679724581911524 1.830191678999289 -0.093649125059148
6) 4 -9.985120845728819 14.16880676183573 -0.9984902562099426
7) 4 -8.034340102364448 9.57308935549148 -0.06853062741607983
8) 4 -10.0 50.0 0.6629203553108958
9) 4 -10.0 40.89209419936574 -0.9509728054888834
0) 5 -10.0 19.8984881462868 -0.2751853680348481
1) 5 -5.726770662930107 43.037515263219994 -0.5357860466012571
2) 5 -10.0 33.29585797214482 -0.2061211167362911
3) 5 -10.0 44.802205453125666 0.9388351392961318
4) 5 -4.809333894280344 29.641861491566164 -0.9830557194336431
5) 5 2.5003429826178394 13.307691003848891 0.8272382144752226
6) 5 -9.927255953881776 15.8741968646268 -0.12648836612848607
7) 5 -4.878843694936574 5.902459071771654 0.9808210532321258
8) 5 -10.0 44.32321587113721 0.9933024486683326
9) 5 -9.343430989352607 34.886462958874866 -0.9999240872961299
0) 6 -10.0 14.944188574299822 -0.76317399481847
1) 6 -2.854402906517078 42.64195713407304 -0.9473678526367516
2) 6 -10.0 15.670220733885227 -0.25749047948818626
3) 6 -10.0 35.758708786456054 -0.5383354744202082
4) 6 -10.0 29.467345732082343 -0.2936225741021714
5) 6 1.0144412403945997 32.761828804000544 0.9781989935306815
6) 6 -6.61618332609517 18.35959842081916 0.6176807966103892
7) 6 -1.7574207183755872 9.898722120945955 -0.5881263296037993
8) 6 -10.0 31.632389735047468 0.9822506230528179
9) 6 -8.355810124198994 25.88956318811131 0.8770834413095513
0) 7 -10.0 17.903621406139024 0.9962429215687667
1) 7 -0.4867250937720162 37.36375393733088 -0.32611203853064635
2) 7 -10.0 3.574293535412469 -0.9301446225017664
3) 7 -10.0 23.400288999427772 0.30955476248259567
4) 7 -10.0 27.847332227988726 -0.9672275455316722
5) 7 -1.0068488898508028 49.68216958549408 -0.5422491083229298
6) 7 -2.3846418402517227 25.285654924383067 0.262015704601895
7) 7 -0.28470093671439267 23.180688086036604 -0.9288468087272851
8) 7 -10.0 18.262380460287996 0.9208038800455423
9) 7 -6.649257296387638 17.06910695140075 -0.5064537073915446
0) 8 -7.495698619496015 26.371512178243876 0.7566937126687574
1) 8 -0.7781777636433154 27.556171322291092 0.6496903209313288
2) 8 -10.0 3.531435887967442 -0.9247805520615142
3) 8 -9.492622323436393 13.762094760369807 -0.8470677355014148
4) 8 -10.0 25.894560424531313 0.4933553910906014
5) 8 -5.404357317501601 50.0 0.02573737395220992
6) 8 0.4893213697538892 32.833767367438156 0.9888740260454947
7) 8 -2.21345984634112 36.805706325794844 -0.7358410724602258
8) 8 -10.0 9.0696091211242 0.8039564687998528
9) 8 -4.781129456053373 12.496960946630871 0.7270115024883378
0) 9 -4.65388397548367 34.57215154402243 -0.3206960112232928
1) 9 -2.081794710635017 17.438170142335046 -0.9601564563398043
2) 9 -8.548580051926617 17.86618259934059 0.8171625072192572
3) 9 -8.941918032415641 7.674199352261346 -0.7053064020034785
4) 9 -10.0 23.98327079158613 0.7524784996918725
5) 9 -9.308132625836922 48.88902888492621 -0.4778797531563864
6) 9 0.8633669637113828 35.834813753492746 -0.960193355035846
7) 9 -4.289613249816224 41.4077638717556 -0.7094069621093062
8) 9 -9.332161422804528 5.368452868798926 -0.973792595001722
9) 9 -3.365971434079452 15.310390883624615 0.031930514296722064
0) 10 -2.185188461142629 40.727932708459534 0.054166094991739695
1) 10 -5.330626361823623 10.023705700983923 -0.9368060560734169
2) 10 -4.497455287758795 32.386737294238415 0.9584716994876146
3) 10 -8.286499385000745 12.903578673082265 0.36418863035046906
4) 10 -9.147986191185792 23.123876484117005 -0.26201092346769517
5) 10 -10.0 32.949642183118755 0.12351422666015364
6) 10 -0.6186505748597733 37.85853363329374 0.16373559520469186
7) 10 -6.436982523810222 44.76616573144993 0.9471692107844966
8) 10 -8.552711477223287 14.770674975288117 -0.9779034635243579
9) 10 -2.704562663971156 25.57120042642059 0.5489326571878252
0) 11 -0.623753229023309 42.67121033425233 -0.9652839145741162
1) 11 -8.7223966546442 8.574950835348751 -0.3286318020360881
2) 11 -0.7717080560056067 43.26252114310961 -0.6540255627502359
3) 11 -7.651253267476802 26.75824244156026 0.42926736402664933
4) 11 -5.731741050743968 22.834218389139924 -0.9998130452575609
5) 11 -10.0 13.773585809368672 -0.966942734137065
6) 11 -2.8287671272046913 34.60501311225014 -0.16219963652516325
7) 11 -8.120446104367824 44.87581887334079 0.9986731416645479
8) 11 -6.497577776575694 27.696135036605142 -0.17289330313679788
9) 11 -2.9125174084002565 36.25909132815192 -0.9695127241634035
0) 12 -2.100459455029671 34.283372570149055 0.20832478295747503
1) 12 -9.788101804510402 9.12342978571867 0.7272853709273223
2) 12 0.455532142177816 43.61667483853025 -0.355308040307517
3) 12 -6.701033092844909 41.40881539184841 -0.8942749362039364
4) 12 -1.138811742688624 24.926544272286804 -0.1792226369098022
5) 12 -10.0 1.8361378310288714 -0.676054467683624
6) 12 -6.645561727273277 25.38725065356408 0.895652247068621
7) 12 -9.774295233661409 36.74489704233855 0.3179529630641572
8) 12 -3.997180471035449 41.411238022463664 -0.6910916199717001
9) 12 -4.664357223293606 42.718655819684045 -0.84669900919492
0) 13 -4.546679078358918 20.40572644356226 0.8843155404152062
1) 13 -10.0 10.70142449848667 0.8730611758874667
2) 13 -1.505634326175547 34.700996728958 -0.17521683697789
3) 13 -5.121613330493426 50.0 -0.0038576919267350237
4) 13 2.237611485375685 27.53258673655725 0.6059582445628869
5) 13 -9.849749204751902 5.702200816271878 -0.9265477236310506
6) 13 -9.832649483113117 16.324780018836222 0.20622105374791805
7) 13 -8.355354965007713 22.828590740464147 -0.7332871948920732
8) 13 -2.308055919546259 50.0 -0.21064975780372372
9) 13 -6.949394773843419 40.68095821586433 -0.4164677050839193
0) 14 -7.311766658000639 8.019468333713416 -0.9897629184582383
1) 14 -10.0 20.535793932336304 -0.7512914456166218
2) 14 -3.853327045427947 24.79740197998653 -0.03772730647535672
3) 14 -3.712899313417557 50.0 -0.12746803141191762
4) 14 5.188911254304486 29.236992461393175 -0.9885835238765176
5) 14 -7.352569336323588 18.645849716166566 0.9296998967379239
6) 14 -9.938754186201209 14.60331203155356 -0.9265094965109357
7) 14 -5.0282183033959305 9.861700996358605 -0.9972610750048232
8) 14 -1.348251871574143 50.0 -0.24479468533966742
9) 14 -7.998287086367012 30.05729730219974 -0.3075826817018419
0) 15 -9.346712821578961 6.52495721256831 -0.9197403906155635
1) 15 -7.869944560893396 30.63634443534162 0.2134418515415935
2) 15 -7.034402624847176 15.584993717895175 -0.9838817288873597
3) 15 -3.2837578109570984 46.32708806207403 0.6292344709370844
4) 15 2.432961689834256 28.779973060349036 -0.5714677187772287
5) 15 -3.929434485452096 34.942389787019195 -0.568859189340228
6) 15 -7.118077070100242 16.107732416620372 -0.9455106495672121
7) 15 -1.9955611946942575 6.346789263366254 0.3615540320894819
8) 15 -2.2048107420818783 40.1415193734448 0.596136211048018
9) 15 -8.861117319424956 18.034214022062457 0.9470858865666244
0) 16 -9.352980236233487 16.824933360627515 0.3896867226191262
1) 16 -4.524403924102071 40.56190292465442 0.027245013761322316
2) 16 -9.1109909135553 12.496087107603184 0.2407015644748885
3) 16 -4.524247477180785 32.1016925120476 0.8430937396135384
4) 16 -2.3746012314568654 27.112626684961448 0.8713360916403823
5) 16 -0.2683199934034941 47.78002181996048 -0.6106533860163221
6) 16 -3.6577380544881977 23.551209571262262 -0.9633391929130214
7) 16 -0.2488653029649197 6.993952325153147 0.6557633605248662
8) 16 -4.767191228279163 27.34327824465786 0.49566135585958593
9) 16 -7.104242278241083 7.749250979946163 -0.8857586474887618
0) 17 -9.126426407766747 27.35334732104461 -0.5323383691251039
1) 17 -1.6899611235694016 42.32246161898485 -0.9984706776617215
2) 17 -8.725570515086757 13.558300174113965 -0.40356279273731566
3) 17 -6.39282631840719 15.223872448557717 -0.719918413612216
4) 17 -7.227407104279338 24.71854809142544 0.5816410270344045
5) 17 0.9022454504101804 50.0 -0.25451161224307495
6) 17 -0.49115484536104503 31.741553381898036 0.3235004914504718
7) 17 1.0644584267968038 20.556978969289947 0.9865547423929228
8) 17 -7.955906712835882 14.934880314759909 -0.9369613473236327
9) 17 -5.33848987194119 0.9857336063748043 -0.7542112232264375
0) 18 -7.265629311761268 37.25800308316979 0.2577677525672795
1) 18 -0.9287310733952283 41.535628708118196 -0.648266901774762
2) 18 -5.970815163144712 20.91459464084564 0.23863054419327884
3) 18 -7.826976743317331 3.6448093136650144 0.7108906888862476
4) 18 -10.0 22.701822148362968 -0.3202883841708254
5) 18 -1.277266119289504 38.15213586989208 0.45680331812924885
6) 18 0.6347330246757266 39.25360861306218 0.9999376378868077
7) 18 -0.6784629968509746 40.20608381609883 0.5882528868196536
8) 18 -10.0 10.468503415434736 0.9427408306425252
9) 18 -3.779158083413143 -2.647509815376861 -0.9951886691521922
0) 19 -4.416445945437156 43.67454753713806 -0.0849158383484453
1) 19 -2.1489372226103445 30.768542711377666 -0.5416780005949519
2) 19 -2.5592308055806186 32.451017048500745 0.9068927510554499
3) 19 -8.202245105746204 2.550931909205447 0.7413046002115806
4) 19 -9.010823520716297 21.651895966237255 -0.9939697114129815
5) 19 -3.403102259840401 24.416558870605975 -0.46192665020876095
6) 19 -0.7150909969035741 39.60828794869297 0.9411314430107995
7) 19 -2.474284068300778 50.0 -0.2028808616277871
8) 19 -10.0 15.659211083192432 -0.2664462961074586
9) 19 -3.1743238543499266 6.465773337652383 0.7954619082194122
0) 20 -2.2650276810276586 47.748138025876145 -0.6271907281663768
1) 20 -5.464769979403609 18.963071649224794 0.7740609750514816
2) 20 0.3722089802703801 42.59209687399745 -0.9834433932400156
3) 20 -7.3791588903425875 20.93757831431475 -0.2072080006465203
4) 20 -5.9390555472198425 21.77867608216614 -0.5503631118133745
5) 20 -5.282849596941246 12.021009357338972 0.5347811980891313
6) 20 -5.01734034295398 33.11992095626754 0.872216244319528
7) 20 -5.96475585540759 50.0 0.08892615652943343
8) 20 -9.12367219302878 23.680740486429436 0.242348251604
9) 20 -3.1689602687579694 18.574956060194303 -0.006220141089925021
0) 21 -0.9660591211947844 40.58312862836557 0.24360319716497905
1) 21 -8.630023348944261 11.393212164828542 0.9879219796450567
2) 21 2.0681006329914586 43.486494341407294 -0.4319501484997472
3) 21 -5.580001687707259 43.66086307413414 0.03368656089460734
4) 21 -2.14870668918863 25.275271530082765 0.2315775760055603
5) 21 -7.0611201770120715 0.7136482298997784 0.7269751583850728
6) 21 -9.328585563933114 22.544444225345384 -0.670211608847473
7) 21 -9.49981235362344 50.0 0.5883212639032692
8) 21 -6.98337129286082 33.80846444664258 0.03534875633859266
9) 21 -3.3277916716206133 32.17173305903253 0.800098420824657
0) 22 -2.0939048670658185 26.170315028972176 0.9006258927466781
1) 22 -9.866856814174497 5.293645499492069 -0.9797399944004863
2) 22 -0.4769994232692629 35.759936228174446 -0.9340530319900031
3) 22 -4.1771078781152395 50.0 -0.09117673484396052
4) 22 0.7653992935640068 28.929520906867435 -0.6173034271161035
5) 22 -8.708297444685632 -9.263691372227786 0.1472736714298262
6) 22 -10.0 13.055649978618385 -0.6723661419342409
7) 22 -10.0 41.24090791529327 -0.999700374794441
8) 22 -4.0719346699888135 39.23349626431309 0.9848430664582613
9) 22 -4.540161611667193 41.42935417626286 -0.7424236579367524
0) 23 -5.617411362517035 11.489698321546102 0.22117452404639784
1) 23 -10.0 1.4677529390206367 -0.6306286822272357
2) 23 -3.406058378272055 24.27933634037165 -0.5774952222185624
3) 23 -3.5921625959730386 50.0 -0.13618767809989352
4) 23 3.2212175058350283 31.663452852826733 0.39948644361908964
5) 23 -9.256283164726849 -10.0 0.8723698669020223
6) 23 -10.0 9.372262937240942 0.9082479480615275
7) 23 -10.0 22.321038264443608 -0.6241366348134831
8) 23 -1.2874985323326928 37.3804706157622 -0.2921509045699515
9) 23 -6.035095174660771 48.099131771305025 -0.9762420909050038
0) 24 -9.03057806266823 1.1369736630565832 0.3173249534508169
1) 24 -9.685581703779054 15.785907456022287 -0.32324052158829686
2) 24 -6.9211985295588985 13.232817800840511 0.6993077802851834
3) 24 -3.5249517369273886 36.59393417284396 -0.8050722188905503
4) 24 4.332136026751705 33.630389166895284 0.6045920075675901
5) 24 -6.473171627921018 7.526397511238411 -0.4815192368486328
6) 24 -8.573967177926995 14.704420521517672 -0.967101568475121
7) 24 -7.110685402670267 5.512770167861664 0.4145226906474883
8) 24 -0.5030968363360386 31.893042638120736 0.4627403233939316
9) 24 -6.995377002472358 50.0 0.21969227393861507
0) 25 -10.0 4.1875470375889385 -0.9881358077316154
1) 25 -8.52322740722116 36.85639880086286 0.12960577068270532
2) 25 -9.33611250041524 10.477855059209192 0.9946657039640534
3) 25 -3.7310555997051926 21.53390570127729 0.1359811722770413
4) 25 1.8539054672534454 33.61883443291074 0.775563272985965
5) 25 -3.0798876789828973 35.31536052509306 -0.7782580456305017
6) 25 -5.194087390868891 25.028883057946263 0.4163336489304267
7) 25 -4.217045895775525 0.24838540423437827 -0.8832562033068161
8) 25 -2.187002677109417 24.286296589202305 -0.6803006017323991
9) 25 -7.766104238124613 47.66337361819018 -0.919980380609774
0) 26 -9.3652956723467 20.292912876665024 -0.35095975071256125
1) 26 -6.489988344365695 50.0 0.15335023982171736
2) 26 -10.0 18.05842118500694 0.9754597353589466
3) 26 -4.526462599617146 9.710853791187366 -0.9606159296341793
4) 26 -4.184270801485946 28.442390442526367 -0.45661906583605977
5) 26 -0.09519538523938076 50.0 -0.2622874059272748
6) 26 -1.7063532396846188 35.9976831274404 -0.9959335649736537
7) 26 -2.1026613061448156 11.84250433058927 -0.5129765387085601
8) 26 -5.483681131316205 17.40484282758363 -0.5657043486517997
9) 26 -7.0644868678703725 36.72464805032231 -0.29662887373373725
0) 27 -8.387863339117661 38.35810698733164 0.9999853526532277
1) 27 -4.854763373799095 50.0 -0.03034340686640499
2) 27 -10.0 34.9196072819086 -0.9810590766693226
3) 27 -7.720401139501729 2.419597760681394 0.9721182947210125
4) 27 -8.824234391762904 27.529122604220987 -0.5927613582373037
5) 27 -1.370994362220951 50.0 -0.24419525145607524
6) 27 -2.1820333456123016 47.33966291489578 -0.26290781013628317
7) 27 -3.608909838462522 41.77178103900863 -0.8850885257784502
8) 27 -9.51631955921931 14.801685826157126 -0.9498245052362161
9) 27 -7.086205804590614 25.962217196400697 0.9783683818963267
0) 28 -7.410431005888622 50.0 0.2770086130035072
1) 28 -4.010750246796259 50.0 -0.10468704930126792
2) 28 -10.0 50.0 0.6629203553108958
3) 28 -10.0 -1.5515439374347535 -0.6402861086052627
4) 28 -10.0 27.701081111568346 -0.9232558862183662
5) 28 -7.079707001370895 50.0 0.23114334433838088
6) 28 -3.623601557801474 50.0 -0.13394573433752813
7) 28 -7.238293849227501 50.0 0.2529516367367415
8) 28 -10.0 27.468736166670794 -0.8180637695464921
9) 28 -8.003593913885453 20.568479883821567 -0.07955972306551468
0) 29 -6.58327497963704 50.0 0.16528840440578144
1) 29 -4.835022453083879 50.0 -0.03224640959241787
2) 29 -9.606154509706709 50.0 0.6043405762688691
3) 29 -10.0 18.47368952544343 0.833022941317414
4) 29 -10.0 27.872161447239197 -0.9728966482983267
5) 29 -10.0 50.0 0.6629203553108958
6) 29 -6.895055018412778 50.0 0.2062063541235532
7) 29 -10.0 50.0 0.6629203553108958
8) 29 -10.0 45.304295793542266 0.666177036053384
9) 29 -8.892222858029262 24.275841221965123 0.659731604539851
0) 30 -6.026056840309121 50.0 0.09619301539736874
1) 30 -7.426022207314647 46.978119483349815 -0.4237116421973653
2) 30 -8.796154867767768 50.0 0.4814824578858974
3) 30 -10.0 48.0500958918641 -0.9268132595402341
4) 30 -10.0 30.12383328691666 0.3186953931613626
5) 30 -10.0 50.0 0.6629203553108958
6) 30 -10.0 42.12345106091036 -0.6350918770741256
7) 30 -10.0 50.0 0.6629203553108958
8) 30 -10.0 50.0 0.6629203553108958
9) 30 -9.595894754872983 30.09700828111937 0.17293072143200172
0) 31 -6.475625371754444 50.0 0.15152503405689996
1) 31 -10.0 37.66070610293578 0.9540959943323963
2) 31 -7.917327051693218 50.0 0.3499122485805823
3) 31 -10.0 50.0 0.6629203553108958
4) 31 -9.7705880298291 33.60479446672401 -0.4249083565257792
5) 31 -10.0 50.0 0.6629203553108958
6) 31 -10.0 31.636370604787324 0.9815315702218966
7) 31 -10.0 50.0 0.6629203553108958
8) 31 -10.0 50.0 0.6629203553108958
9) 31 -9.359227161949322 39.389882795475785 0.34682909403787193
0) 32 -7.874259729896073 50.0 0.3436113142037349
1) 32 -10.0 28.243835822743357 -0.9931924637351202
2) 32 -7.226754223208463 45.85624322068089 0.6455061887211426
3) 32 -8.917707253818218 50.0 0.4999550702817564
4) 32 -8.254712396532385 37.010785338715095 0.2192520584985886
5) 32 -10.0 49.652186504627444 0.3743534424557494
6) 32 -10.0 22.953462729806144 -0.09539460215029279
7) 32 -10.0 50.0 0.6629203553108958
8) 32 -10.0 50.0 0.6629203553108958
9) 32 -8.798375069447129 46.97648405338112 -0.6205394360459024
0) 33 -9.574774365286741 50.0 0.5996204016353148
1) 33 -10.0 19.548633626494585 0.03324918028605796
2) 33 -6.7421843346899974 36.63384041630678 -0.4349778607952384
3) 33 -7.590926026738429 50.0 0.30263542153897316
4) 33 -5.279089135211683 40.340070806082174 0.1560367599227493
5) 33 -10.0 45.10776649659702 0.7961836535790665
6) 33 -9.737207721295185 23.19505937905307 0.023249874675245794
7) 33 -10.0 50.0 0.6629203553108958
8) 33 -10.0 45.86081977487204 0.18441334334888304
9) 33 -8.16572509153355 48.61712378758996 -0.823396701260193
0) 34 -10.0 50.0 0.6629203553108958
1) 34 -10.0 14.968658428644467 -0.7498722187205339
2) 34 -6.420694434375038 27.199925915572965 0.321071025001154
3) 34 -6.5347272529355696 50.0 0.1590576101649584
4) 34 -1.9067474194921985 42.52526824580778 -0.9877798908809914
5) 34 -10.0 35.95389395702401 -0.37133871763096915
6) 34 -8.657558728590764 31.730928068213554 0.9954035031696281
7) 34 -10.0 50.0 0.6629203553108958
8) 34 -10.0 41.53325358600465 -0.9527450037569763
9) 34 -7.546298566459815 43.05676486211043 -0.26599605986484454
0) 35 -10.0 50.0 0.6629203553108958
1) 35 -10.0 20.603578299062264 -0.7901041013487828
2) 35 -7.053596804787473 21.899310875856244 -0.8500553572794933
3) 35 -6.251708223323218 50.0 0.12352407454637093
4) 35 -0.96405456662673 42.43921069251536 -0.999252862885389
5) 35 -8.948252604889353 27.303758456763845 -0.44245852132906627
6) 35 -7.246543010320286 43.82155799753838 0.42084930538625676
7) 35 -10.0 50.0 0.6629203553108958
8) 35 -10.0 35.392270570520964 -0.7963443408501149
9) 35 -7.28198510266833 34.70051644462556 -0.7826030466646909
0) 36 -8.895687064367635 43.04677121887805 -0.02597772222002632
1) 36 -10.0 36.4310089674846 0.0793490186845587
2) 36 -7.796648543136205 21.71965054192259 -0.88452906575789
3) 36 -7.41446229641892 44.83986408010641 0.9945597647922245
4) 36 -2.101130223513992 40.575649308357455 0.20913484780309977
5) 36 -6.8869790051901765 24.657459245809775 0.45150004604789434
6) 36 -6.48009625118323 50.0 0.15209281007827707
7) 36 -10.0 45.828045645410334 0.21578541920995306
8) 36 -9.964159671054752 30.58068322734057 0.6795412419723573
9) 36 -7.16430210087022 27.883058672547925 -0.4920275081704471
0) 37 -7.663436874401096 35.585992495341394 -0.9628353167564442
1) 37 -9.170744552162768 50.0 0.5384413907779961
2) 37 -8.70096399601341 27.071442040826245 -0.16033200696579605
3) 37 -8.83869754032278 37.18813965540726 0.5011856014415588
4) 37 -6.4324945814187 36.99256206832385 -0.15087531254833822
5) 37 -5.555645236460464 25.421328955155595 0.7761772156796226
6) 37 -6.029226520757154 47.8001372503828 -0.8698964954311653
7) 37 -9.418368896798611 37.98037900550584 0.9903318168645235
8) 37 -9.433665401026701 32.14960936979129 0.8686266265219089
9) 37 -7.198171537230953 25.487709384018128 0.976140915324352
0) 38 -6.8466622720783885 29.829114324884628 -0.725074005760583
1) 38 -8.219226936888733 50.0 0.39454380237153924
2) 38 -9.510792406357178 38.66074983947695 0.8558956409611187
3) 38 -10.0 30.099177326357164 0.29643093301199364
4) 38 -10.0 32.28388010853376 0.6891722050395095
5) 38 -5.168558423175092 27.321372348834373 0.4514363467435102
6) 38 -6.948476110356966 39.18506452031485 0.8645932548920283
7) 38 -8.584521060022706 30.862822600016965 0.5798561270663117
8) 38 -8.238369519700967 36.61871593357744 -0.16436353484454413
9) 38 -7.955968957766721 24.853606288065883 0.8210339993292919
0) 39 -6.1256091029410324 27.549621523087108 0.0518951265497498
1) 39 -7.316721919794979 50.0 0.26386408925438404
2) 39 -10.0 48.61727749377896 -0.5894820777785051
3) 39 -10.0 28.405339224282407 -0.9640262978666263
4) 39 -10.0 29.043149819953445 -0.6437642833483275
5) 39 -5.054145419906263 32.9372552715837 0.9440646829326065
6) 39 -8.290430018902274 29.695422104817908 -0.5521548603185621
7) 39 -7.592400175187731 29.137290571206375 -0.9650650912263691
8) 39 -7.216609096865811 41.66245451139913 -0.9917361312342319
9) 39 -8.865117158678018 25.533556371504012 0.9475859628789235
0) 40 -5.660007861258011 32.096696034297835 0.9230743892044997
1) 40 -7.242172327836227 50.0 0.25348934626074165
2) 40 -10.0 48.39752032725105 -0.7484014822626512
3) 40 -8.873200104419963 32.901921808218354 0.46187255569511776
4) 40 -10.0 29.086703797618906 -0.6117119269242189
5) 40 -6.866753567048495 40.410006237503985 -0.14802747456534643
6) 40 -9.490279283001522 22.171857579139882 -0.8495764964181409
7) 40 -7.16584227867882 31.153587305007886 0.523684812305876
8) 40 -6.675561087297823 45.337390313354234 0.9629333142971516
9) 40 -9.346252629770596 31.381684592725055 0.9706615576194787
0) 41 -6.32967835239438 38.64624100391104 0.9940931852634755
1) 41 -7.885681055508963 47.582934690374636 -0.8948281450408394
2) 41 -9.949646111284059 40.03764302945351 -0.4029144556891281
3) 41 -7.608779382416167 41.66109769445809 -0.9981225207158179
4) 41 -8.83483737004859 34.92270823065364 -0.994449770628134
5) 41 -9.154909076488146 46.59073841780733 -0.35019862667852053
6) 41 -9.915911513790954 18.987695443472443 0.5397838826645861
7) 41 -7.57478817867041 36.12163259821254 -0.7116181856279414
8) 41 -6.463377043881724 48.32499738010611 -0.9981627114162764
9) 41 -9.693448636902161 38.12583757666896 0.9976268007754924
0) 42 -7.260625770789062 45.156507720359734 0.9832292260416634
1) 42 -8.71102406351041 42.666661106370576 -0.4218391306424227
2) 42 -9.817132876695485 29.21451434142839 -0.561389326703007
3) 42 -6.397804256663082 48.797547181558315 -0.867580915869443
4) 42 -6.76936549755418 41.002568446048315 -0.6570548723300317
5) 42 -10.0 47.25689249008278 -0.9244013056000989
6) 42 -9.736544320624356 27.468927731422788 -0.7637764966728507
7) 42 -8.132086553110614 42.89032215714464 -0.322010345301263
8) 42 -6.858314842157694 44.54303911809023 0.8846013194993376
9) 42 -9.21370204755768 45.0324745613046 0.916207380405896
0) 43 -8.980093209091095 50.0 0.5094435033877323
1) 43 -9.32718219122995 36.11202250306409 -0.39126036209478154
2) 43 -9.06010274567005 22.420668388320387 -0.8138138954977319
3) 43 -5.878022140669608 50.0 0.07876172255919626
4) 43 -3.8579671224875622 45.85939825617993 0.8923385677935787
5) 43 -10.0 42.345600774113514 -0.45462811865204
6) 43 -8.550930617844017 37.561134508023756 0.7332257325701959
7) 43 -8.864971738633221 48.35716887160008 -0.8923171663587566
8) 43 -7.826558398277975 36.77178339086052 -0.10346029017422001
9) 43 -8.2459693449433 47.39832035469136 -0.8340269215572659
0) 44 -10.0 46.17779192194702 -0.12394894615636295
1) 44 -9.74191596603545 29.44582288552705 -0.38980862128501015
2) 44 -8.048509620159685 25.00809701722449 0.9080484006196264
3) 44 -6.354923451956001 50.0 0.1363243325749202
4) 44 -2.8633929299193865 46.96361232078053 0.0730022699136715
5) 44 -9.530864757596143 36.14726881559088 -0.31120726448591707
6) 44 -7.040436410135921 46.92347190089733 -0.31913718521246104
7) 44 -9.487251906536951 48.71968307646022 -0.5896790063264261
8) 44 -8.881971924466548 30.050709191785746 -0.08000604732830699
9) 44 -7.351147100532101 47.69206774707854 -0.9050072850139839
0) 45 -10.0 38.15659295641788 0.9846717452108725
1) 45 -9.899996050709056 22.999913998132815 -0.09252154171706027
2) 45 -7.355757713529773 28.904643320856003 -0.9998155131783318
3) 45 -7.815829818763612 50.0 0.33509189399829575
4) 45 -4.4344383704165375 47.01916423715701 -0.10373337556396264
5) 45 -8.326504004302784 30.27100741768308 -0.020629899051459646
6) 45 -5.469714695655937 50.0 0.032799689646834114
7) 45 -9.334936148598246 42.86458708256305 -0.11277522866537386
8) 45 -9.64962319335114 25.24543565054876 0.9482080455004279
9) 45 -6.765968064891983 40.916423682544774 -0.5902423244374541
0) 46 -10.0 30.267732909636315 0.4448047448327108
1) 46 -9.243022526652005 21.937543097137752 -0.9705504053238767
2) 46 -7.386515203526554 35.62909107698917 -0.966801222418419
3) 46 -9.647572366756432 45.82425702593229 0.29080866102886177
4) 46 -5.758564543092233 40.832091763072256 -0.385227366175974
5) 46 -7.021005526940633 28.696969638394336 -0.954814198687498
6) 46 -4.8805257404405955 50.0 -0.027848224828168868
7) 46 -9.022620622484283 35.40128913707643 -0.9192327788938305
8) 46 -9.944017326575786 26.46035828480699 0.007143633070252209
9) 46 -6.566341813443778 33.414336031499694 0.48302808884492915
0) 47 -9.790016128560868 23.366856992710808 0.20073169885059006
1) 47 -8.17971830130755 21.91315945552491 -0.9852620839167779
2) 47 -7.801348257030101 42.2089353063332 -0.871604676616685
3) 47 -10.0 38.15960564170048 0.9841592637918584
4) 47 -7.3150687075155405 33.51179641223926 0.25382617395643614
5) 47 -6.0834114170425515 32.652810520121996 0.9741336214287829
6) 47 -4.9491612401876415 43.3862577496857 -0.30950380681101486
7) 47 -8.466000584808175 28.78057601756398 -0.9880451897775163
8) 47 -9.851513630035383 35.68638672769514 -0.627154610764764
9) 47 -7.582408904578847 28.38084966888914 -0.8920863166143882
0) 48 -9.039391621675088 24.201171968003084 0.6453539599212684
1) 48 -7.145702432904592 28.09066413310081 -0.6525512143030411
2) 48 -8.508201405248231 45.43070346945467 0.7854048426013182
3) 48 -10.0 30.563049076874428 0.6753935650966942
4) 48 -7.77189811740967 26.043021702114245 0.8895578045032347
5) 48 -6.00575838625017 38.01056318435261 0.7054008458664646
6) 48 -6.242885913187203 35.03323609434261 -0.8560649362274937
7) 48 -7.86232364537913 26.22916900003798 0.7784066184000695
8) 48 -9.23066265447972 45.49722428619754 0.6440116730100964
9) 48 -8.761785490309384 30.430738115767156 0.2484411294594018
0) 49 -7.88422466491666 29.095984767832075 -0.9552950471227896
1) 49 -6.841175333199136 34.538862089803 -0.6070531156057781
2) 49 -9.202765008935872 43.3357384834474 0.31439065463766724
3) 49 -10.0 23.48699643748503 0.3843277806739766
4) 49 -7.597463592437737 22.686667497439448 -0.934810954488639
5) 49 -6.023756335323532 43.39920697020259 -0.16626375366109739
6) 49 -8.041864902602628 27.983198331200978 -0.7456342906583316
7) 49 -7.564077407931301 27.877863745203243 -0.5740843104217896
8) 49 -8.149588377543743 50.0 0.3841823366029883
9) 49 -9.792658727610625 35.46096667326397 -0.7900241973775364
END
TOTAL TIME: 85029996
POINT TIME: 3041157
BEST: -8.387863339117661 38.35810698733164 0.9999853526532277
