-10
10
-10
10
0
0
0
0) 0 -4.0 4.0 -0.586176193003373
0) 1 -4.0 3.867 -0.6590698702102644
0) 2 -4.0 3.734 -0.7251056946949304
0) 3 -4.0 3.601 -0.7839895180009427
0) 4 -4.0 3.468 -0.8355481773172855
0) 5 -4.0 3.335 -0.8797257262235797
0) 6 -4.0 3.202 -0.9165778510825086
0) 7 -4.0 3.069 -0.946264669154774
0) 8 -4.0 2.936 -0.9690421294731427
0) 9 -4.0 2.803 -0.9852522568552328
0) 10 -4.0 2.67 -0.9953124927539863
0) 11 -4.0 2.537 -0.99970439365343
0) 12 -3.867 2.67 -0.9999131786518664
0) 13 -3.734 2.537 -0.9804492551416765
0) 14 -3.867 2.537 -0.9961786606866292
0) 15 -4.0 2.537 -0.99970439365343
0) 16 -3.867 2.67 -0.9999131786518664
0) 17 -3.734 2.537 -0.9804492551416765
0) 18 -3.867 2.537 -0.9961786606866292
0) 19 -4.0 2.537 -0.99970439365343
0) 20 -3.867 2.67 -0.9999131786518664
0) 21 -3.734 2.537 -0.9804492551416765
0) 22 -3.867 2.537 -0.9961786606866292
0) 23 -4.0 2.537 -0.99970439365343
0) 24 -3.867 2.67 -0.9999131786518664
1) 0 -1.0 -5.0 -0.9261848392897116
1) 1 -0.867 -5.0 -0.9351113277227946
1) 2 -0.734 -5.0 -0.9423539871556179
1) 3 -0.601 -5.0 -0.948096325068612
1) 4 -0.46799999999999997 -5.0 -0.9524964398389777
1) 5 -0.33499999999999996 -5.0 -0.9556842571224976
1) 6 -0.20199999999999996 -5.0 -0.9577593182280258
1) 7 -0.06899999999999995 -5.0 -0.9587891208610202
1) 8 0.06400000000000006 -5.0 -0.9588080109600848
1) 9 0.19700000000000006 -4.867 -0.9874499392089775
1) 10 0.33000000000000007 -4.734 -0.9994522787063239
1) 11 0.19700000000000006 -4.734 -0.9996695621298468
1) 12 0.06400000000000006 -4.734 -0.9997570493575668
1) 13 0.19700000000000006 -4.867 -0.9874499392089775
1) 14 0.33000000000000007 -4.734 -0.9994522787063239
1) 15 0.19700000000000006 -4.734 -0.9996695621298468
1) 16 0.06400000000000006 -4.734 -0.9997570493575668
1) 17 0.19700000000000006 -4.867 -0.9874499392089775
1) 18 0.33000000000000007 -4.734 -0.9994522787063239
1) 19 0.19700000000000006 -4.734 -0.9996695621298468
1) 20 0.06400000000000006 -4.734 -0.9997570493575668
1) 21 0.19700000000000006 -4.867 -0.9874499392089775
1) 22 0.33000000000000007 -4.734 -0.9994522787063239
1) 23 0.19700000000000006 -4.734 -0.9996695621298468
1) 24 0.06400000000000006 -4.734 -0.9997570493575668
2) 0 -5.0 -7.0 0.7328169085463447
2) 1 -4.867 -6.867 0.8457275450107434
2) 2 -4.734 -6.734 0.929584060704719
2) 3 -4.601 -6.601 0.9815701856343443
2) 4 -4.468 -6.468 0.9999741390076182
3) 0 1.0 -7.0 0.7088612918380416
3) 1 1.133 -7.133 0.8071076125648302
3) 2 1.266 -7.266 0.8876798093045365
3) 3 1.399 -7.399 0.9480071530661819
3) 4 1.532 -7.532 0.9859617511310689
3) 5 1.665 -7.665 0.999947680725705
4) 0 -9.0 -2.0 0.2037957684966491
4) 1 -8.867 -1.867 0.3554125950511085
4) 2 -8.734000000000002 -1.734 0.4971509729462436
4) 3 -8.601000000000003 -1.601 0.6257095338198441
4) 4 -8.468000000000004 -1.468 0.7382516725937801
4) 5 -8.335000000000004 -1.335 0.8324656079953761
4) 6 -8.202000000000005 -1.202 0.906605723842682
4) 7 -8.069000000000006 -1.069 0.9595147128727054
4) 8 -7.936000000000006 -0.9359999999999999 0.990626711826847
4) 9 -7.803000000000006 -0.9359999999999999 0.999987717712215
5) 0 -3.0 7.0 0.9717622535057333
5) 1 -3.133 7.133 0.9979998930429005
5) 2 -3.0 7.266 0.9999756229413937
6) 0 -3.0 -3.0 -0.8916822544789358
6) 1 -3.0 -3.133 -0.930623507539537
6) 2 -3.0 -3.266 -0.9616974659417928
6) 3 -3.0 -3.399 -0.9840533465660953
6) 4 -3.0 -3.532 -0.9969381740366647
6) 5 -3.0 -3.665 -0.9997149338746387
6) 6 -3.133 -3.532 -0.9999602600222672
6) 7 -3.266 -3.399 -0.999998997531209
6) 8 -3.399 -3.532 -0.9821041244664619
6) 9 -3.266 -3.532 -0.9951821142064288
6) 10 -3.133 -3.532 -0.9999602600222672
6) 11 -3.266 -3.399 -0.999998997531209
6) 12 -3.399 -3.532 -0.9821041244664619
6) 13 -3.266 -3.532 -0.9951821142064288
6) 14 -3.133 -3.532 -0.9999602600222672
6) 15 -3.266 -3.399 -0.999998997531209
6) 16 -3.399 -3.532 -0.9821041244664619
6) 17 -3.266 -3.532 -0.9951821142064288
6) 18 -3.133 -3.532 -0.9999602600222672
6) 19 -3.266 -3.399 -0.999998997531209
6) 20 -3.399 -3.532 -0.9821041244664619
6) 21 -3.266 -3.532 -0.9951821142064288
6) 22 -3.133 -3.532 -0.9999602600222672
6) 23 -3.266 -3.399 -0.999998997531209
6) 24 -3.399 -3.532 -0.9821041244664619
7) 0 -1.0 -4.0 -0.8313391791635062
7) 1 -1.0 -4.133 -0.895993866261174
7) 2 -1.0 -4.266 -0.9457988912492419
7) 3 -1.0 -4.399 -0.9798357740314471
7) 4 -1.0 -4.532 -0.9974539875468814
7) 5 -1.0 -4.665 -0.9982841915916111
7) 6 -0.867 -4.665 -0.9994721181353943
7) 7 -0.734 -4.665 -0.9999499757253227
7) 8 -0.601 -4.665 -0.9999609772326274
7) 9 -0.46799999999999997 -4.532 -0.9878117306283923
7) 10 -0.46799999999999997 -4.665 -0.9997126731432348
7) 11 -0.601 -4.665 -0.9999609772326274
7) 12 -0.46799999999999997 -4.532 -0.9878117306283923
7) 13 -0.46799999999999997 -4.665 -0.9997126731432348
7) 14 -0.601 -4.665 -0.9999609772326274
7) 15 -0.46799999999999997 -4.532 -0.9878117306283923
7) 16 -0.46799999999999997 -4.665 -0.9997126731432348
7) 17 -0.601 -4.665 -0.9999609772326274
7) 18 -0.46799999999999997 -4.532 -0.9878117306283923
7) 19 -0.46799999999999997 -4.665 -0.9997126731432348
7) 20 -0.601 -4.665 -0.9999609772326274
7) 21 -0.46799999999999997 -4.532 -0.9878117306283923
7) 22 -0.46799999999999997 -4.665 -0.9997126731432348
7) 23 -0.601 -4.665 -0.9999609772326274
7) 24 -0.46799999999999997 -4.532 -0.9878117306283923
8) 0 9.0 -9.0 0.16084964506716973
8) 1 9.133 -9.133 0.3425613498797863
8) 2 9.265999999999998 -9.265999999999998 0.5121896063797956
8) 3 9.398999999999997 -9.398999999999997 0.663750977525931
8) 4 9.531999999999996 -9.531999999999996 0.79189931438728
8) 5 9.664999999999996 -9.664999999999996 0.8921143352526859
8) 6 9.797999999999995 -9.797999999999995 0.9608610732462893
8) 7 9.930999999999994 -9.930999999999994 0.9957145681222909
9) 0 0.0 -10.0 -0.5440211108893698
9) 1 0.0 -10.133 -0.6504844037973154
10) 0 -10.0 2.0 -0.6984726873116567
10) 1 -10.133 2.0 -0.7856284485134865
10) 2 -10.0 2.0 -0.6984726873116567
10) 3 -10.133 2.0 -0.7856284485134865
10) 4 -10.0 2.0 -0.6984726873116567
10) 5 -10.133 2.0 -0.7856284485134865
10) 6 -10.0 2.0 -0.6984726873116567
10) 7 -10.133 2.0 -0.7856284485134865
10) 8 -10.0 2.0 -0.6984726873116567
10) 9 -10.133 2.0 -0.7856284485134865
10) 10 -10.0 2.0 -0.6984726873116567
10) 11 -10.133 2.0 -0.7856284485134865
10) 12 -10.0 2.0 -0.6984726873116567
10) 13 -10.133 2.0 -0.7856284485134865
10) 14 -10.0 2.0 -0.6984726873116567
10) 15 -10.133 2.0 -0.7856284485134865
10) 16 -10.0 2.0 -0.6984726873116567
10) 17 -10.133 2.0 -0.7856284485134865
10) 18 -10.0 2.0 -0.6984726873116567
10) 19 -10.133 2.0 -0.7856284485134865
10) 20 -10.0 2.0 -0.6984726873116567
10) 21 -10.133 2.0 -0.7856284485134865
10) 22 -10.0 2.0 -0.6984726873116567
10) 23 -10.133 2.0 -0.7856284485134865
10) 24 -10.0 2.0 -0.6984726873116567
11) 0 -4.0 -4.0 -0.586176193003373
11) 1 -3.867 -4.0 -0.6590698702102644
11) 2 -3.734 -4.0 -0.7251056946949304
11) 3 -3.601 -4.0 -0.7839895180009427
11) 4 -3.468 -4.0 -0.8355481773172855
11) 5 -3.335 -4.0 -0.8797257262235797
11) 6 -3.202 -4.0 -0.9165778510825086
11) 7 -3.069 -4.0 -0.946264669154774
11) 8 -2.936 -4.0 -0.9690421294731427
11) 9 -2.803 -4.0 -0.9852522568552328
11) 10 -2.67 -4.0 -0.9953124927539863
11) 11 -2.537 -4.0 -0.99970439365343
11) 12 -2.67 -3.867 -0.9999131786518664
11) 13 -2.537 -3.734 -0.9804492551416765
11) 14 -2.537 -3.867 -0.9961786606866292
11) 15 -2.537 -4.0 -0.99970439365343
11) 16 -2.67 -3.867 -0.9999131786518664
11) 17 -2.537 -3.734 -0.9804492551416765
11) 18 -2.537 -3.867 -0.9961786606866292
11) 19 -2.537 -4.0 -0.99970439365343
11) 20 -2.67 -3.867 -0.9999131786518664
11) 21 -2.537 -3.734 -0.9804492551416765
11) 22 -2.537 -3.867 -0.9961786606866292
11) 23 -2.537 -4.0 -0.99970439365343
11) 24 -2.67 -3.867 -0.9999131786518664
12) 0 3.0 4.0 -0.9589242746631385
12) 1 3.0 3.867 -0.983508702007683
12) 2 3.0 3.734 -0.9970006439184285
12) 3 3.0 3.601 -0.9996756339130424
12) 4 2.867 3.734 -0.9999890095950709
12) 5 2.734 3.601 -0.9817938577948179
12) 6 2.867 3.601 -0.9940144596126952
12) 7 3.0 3.601 -0.9996756339130424
12) 8 2.867 3.734 -0.9999890095950709
12) 9 2.734 3.601 -0.9817938577948179
12) 10 2.867 3.601 -0.9940144596126952
12) 11 3.0 3.601 -0.9996756339130424
12) 12 2.867 3.734 -0.9999890095950709
12) 13 2.734 3.601 -0.9817938577948179
12) 14 2.867 3.601 -0.9940144596126952
12) 15 3.0 3.601 -0.9996756339130424
12) 16 2.867 3.734 -0.9999890095950709
12) 17 2.734 3.601 -0.9817938577948179
12) 18 2.867 3.601 -0.9940144596126952
12) 19 3.0 3.601 -0.9996756339130424
12) 20 2.867 3.734 -0.9999890095950709
12) 21 2.734 3.601 -0.9817938577948179
12) 22 2.867 3.601 -0.9940144596126952
12) 23 3.0 3.601 -0.9996756339130424
12) 24 2.867 3.734 -0.9999890095950709
13) 0 9.0 -5.0 -0.7648781678542789
13) 1 9.0 -5.133 -0.8052488408355619
13) 2 9.0 -5.266 -0.8428869837833635
13) 3 9.0 -5.399 -0.8774025536626696
13) 4 9.0 -5.532 -0.9084058899292538
13) 5 9.0 -5.665 -0.9355117728976746
13) 6 9.0 -5.798 -0.9583437553524904
13) 7 9.0 -5.931 -0.9765387294116638
13) 8 9.0 -6.064 -0.9897516841452064
13) 9 9.0 -6.197 -0.9976606031561364
13) 10 9.0 -6.33 -0.9999714453697022
13) 11 9.133 -6.463 -0.981451549477884
13) 12 9.0 -6.463 -0.9964231467784144
13) 13 8.867 -6.463 -0.9997320119547103
13) 14 9.0 -6.33 -0.9999714453697022
13) 15 9.133 -6.463 -0.981451549477884
13) 16 9.0 -6.463 -0.9964231467784144
13) 17 8.867 -6.463 -0.9997320119547103
13) 18 9.0 -6.33 -0.9999714453697022
13) 19 9.133 -6.463 -0.981451549477884
13) 20 9.0 -6.463 -0.9964231467784144
13) 21 8.867 -6.463 -0.9997320119547103
13) 22 9.0 -6.33 -0.9999714453697022
13) 23 9.133 -6.463 -0.981451549477884
13) 24 9.0 -6.463 -0.9964231467784144
14) 0 0.0 -9.0 0.4121184852417566
14) 1 0.0 -8.867 0.5293022540207822
14) 2 0.0 -8.734000000000002 0.6371369886812039
14) 3 0.0 -8.601000000000003 0.733718010741393
14) 4 0.0 -8.468000000000004 0.8173394153736423
14) 5 0.0 -8.335000000000004 0.886524202699312
14) 6 0.0 -8.202000000000005 0.9400503659495236
14) 7 0.0 -8.069000000000006 0.9769724756977768
14) 8 0.0 -7.936000000000006 0.9966383789234768
14) 9 0.133 -7.803000000000006 0.9987578336337117
14) 10 0.266 -7.803000000000006 0.9989214366677702
14) 11 0.399 -7.803000000000006 0.999168324608041
14) 12 0.532 -7.803000000000006 0.9994599264271186
14) 13 0.665 -7.803000000000006 0.9997424558609315
14) 14 0.798 -7.803000000000006 0.9999471335279128
14) 15 0.931 -7.803000000000006 0.9999904850136432
15) 0 -3.0 -5.0 -0.43697551727207756
15) 1 -2.867 -5.0 -0.4964747306449385
15) 2 -2.734 -5.0 -0.5518013528464424
15) 3 -2.601 -5.0 -0.602893382256955
15) 4 -2.468 -5.0 -0.6497478961319498
15) 5 -2.335 -5.0 -0.6924156803784842
15) 6 -2.202 -5.0 -0.7309953205969166
15) 7 -2.069 -5.0 -0.7656268938330602
15) 8 -1.936 -5.0 -0.7964853971764011
15) 9 -1.803 -5.0 -0.8237740432561307
15) 10 -1.67 -5.0 -0.8477175441962771
15) 11 -1.537 -5.0 -0.8685554951259119
15) 12 -1.404 -5.0 -0.8865359563813728
15) 13 -1.271 -5.0 -0.9019093205990756
15) 14 -1.138 -5.0 -0.9149225375078056
15) 15 -1.005 -5.0 -0.9258137559091382
15) 16 -0.8719999999999999 -5.0 -0.9348074295750043
15) 17 -0.7389999999999999 -5.0 -0.9421099220314937
15) 18 -0.6059999999999999 -5.0 -0.9479056348035508
15) 19 -0.47299999999999986 -5.0 -0.9523536749399346
15) 20 -0.33999999999999986 -5.0 -0.9555850706882245
15) 21 -0.20699999999999985 -5.0 -0.9577005390957928
15) 22 -0.07399999999999984 -5.0 -0.9587688060047364
15) 23 0.05900000000000016 -5.0 -0.9588254772012575
15) 24 0.19200000000000017 -4.867 -0.9874814516138073
16) 0 -8.0 -5.0 -0.009203041372185148
16) 1 -7.867 -4.867 0.1730974995409055
16) 2 -7.734 -4.734 0.3494176967419881
16) 3 -7.601 -4.601 0.5138887149997218
16) 4 -7.468 -4.468 0.6610721893850562
16) 5 -7.335 -4.335 0.7861411144070839
16) 6 -7.202 -4.202 0.8850382802895077
16) 7 -7.069 -4.069 0.9546069505151324
16) 8 -6.936 -3.936 0.9926894871771809
16) 9 -6.803 -3.936 0.9999843622145131
17) 0 -1.0 2.0 0.786749131547214
17) 1 -0.867 1.867 0.8834162786908029
17) 2 -0.734 1.734 0.9516734438607605
17) 3 -0.601 1.601 0.990314548018188
17) 4 -0.601 1.468 0.999880419255651
18) 0 2.0 6.0 0.04135821352247398
18) 1 2.133 6.133 0.2086046884513766
18) 2 2.266 6.266 0.3708837835439846
18) 3 2.399 6.399 0.5233096553516878
18) 4 2.532 6.532 0.6611776009580063
18) 5 2.665 6.665 0.7801265372353555
18) 6 2.798 6.798 0.8762936432873941
18) 7 2.931 6.931 0.9464554713431681
18) 8 3.064 7.064 0.9881502204397414
18) 9 3.197 7.197 0.9997764548320323
19) 0 -3.0 -7.0 0.9717622535057333
19) 1 -3.133 -7.133 0.9979998930429005
19) 2 -3.0 -7.266 0.9999756229413937
20) 0 -3.0 -4.0 -0.9589242746631385
20) 1 -2.867 -4.0 -0.9782469055809607
20) 2 -2.734 -4.0 -0.9912100594268534
20) 3 -2.601 -4.0 -0.9982658812076486
20) 4 -2.468 -4.0 -0.9999246011890585
20) 5 -2.335 -3.867 -0.9810285941468484
20) 6 -2.335 -4.0 -0.9967427555301948
20) 7 -2.335 -4.133 -0.9994014446607745
20) 8 -2.202 -4.133 -0.999568187547808
20) 9 -2.069 -4.266 -0.9995833505195845
20) 10 -1.936 -4.266 -0.9996179775463324
20) 11 -1.803 -4.133 -0.9794193905672546
20) 12 -1.803 -4.266 -0.9967195556805257
20) 13 -1.803 -4.399 -0.9991278377196817
20) 14 -1.67 -4.399 -0.999975063436959
20) 15 -1.537 -4.266 -0.9842084042302451
20) 16 -1.537 -4.399 -0.9986165815661054
20) 17 -1.404 -4.532 -0.9994846216829506
20) 18 -1.271 -4.532 -0.999984676403511
20) 19 -1.138 -4.399 -0.9858248419831982
20) 20 -1.138 -4.532 -0.9992122525402289
20) 21 -1.271 -4.532 -0.999984676403511
20) 22 -1.138 -4.399 -0.9858248419831982
20) 23 -1.138 -4.532 -0.9992122525402289
20) 24 -1.271 -4.532 -0.999984676403511
21) 0 7.0 -1.0 0.7088612918380416
21) 1 7.133 -1.133 0.8071076125648302
21) 2 7.266 -1.266 0.8876798093045365
21) 3 7.399 -1.399 0.9480071530661819
21) 4 7.532 -1.532 0.9859617511310689
21) 5 7.665 -1.665 0.999947680725705
22) 0 -10.0 5.0 -0.9829793407063873
22) 1 -10.0 4.867 -0.9920822427605013
22) 2 -10.0 4.734 -0.9976640127957588
22) 3 -10.0 4.601 -0.9999266266393011
22) 4 -10.133 4.601 -0.9911582533595301
22) 5 -10.133 4.468 -0.9969006270517695
22) 6 -10.133 4.335 -0.9996681074006177
22) 7 -10.0 4.335 -0.9953581099518667
22) 8 -10.133 4.335 -0.9996681074006177
22) 9 -10.0 4.335 -0.9953581099518667
22) 10 -10.133 4.335 -0.9996681074006177
22) 11 -10.0 4.335 -0.9953581099518667
22) 12 -10.133 4.335 -0.9996681074006177
22) 13 -10.0 4.335 -0.9953581099518667
22) 14 -10.133 4.335 -0.9996681074006177
22) 15 -10.0 4.335 -0.9953581099518667
22) 16 -10.133 4.335 -0.9996681074006177
22) 17 -10.0 4.335 -0.9953581099518667
22) 18 -10.133 4.335 -0.9996681074006177
22) 19 -10.0 4.335 -0.9953581099518667
22) 20 -10.133 4.335 -0.9996681074006177
22) 21 -10.0 4.335 -0.9953581099518667
22) 22 -10.133 4.335 -0.9996681074006177
22) 23 -10.0 4.335 -0.9953581099518667
22) 24 -10.133 4.335 -0.9996681074006177
23) 0 3.0 -5.0 -0.43697551727207756
23) 1 3.133 -4.867 -0.47500969448375197
23) 2 3.266 -4.734 -0.5071545793392324
23) 3 3.399 -4.601 -0.5335864450131343
23) 4 3.532 -4.468 -0.5544852756324321
23) 5 3.665 -4.335 -0.5700173398291941
23) 6 3.798 -4.202 -0.5803207214638888
23) 7 3.931 -4.069 -0.585494158282198
23) 8 4.064 -3.936 -0.5855894413601547
23) 9 3.931 -3.936 -0.6596666550013633
23) 10 3.798 -3.936 -0.7267309774103556
23) 11 3.931 -3.803 -0.7268144891991174
23) 12 3.798 -3.803 -0.7885610180142011
23) 13 3.665 -3.803 -0.8423399706318853
23) 14 3.798 -3.67 -0.8424078232059006
23) 15 3.665 -3.67 -0.8896398297979738
23) 16 3.532 -3.67 -0.9282453263206077
23) 17 3.665 -3.537 -0.9282938825399097
23) 18 3.532 -3.537 -0.959337657110615
23) 19 3.399 -3.537 -0.9814189864224847
23) 20 3.532 -3.404 -0.981444989208485
23) 21 3.399 -3.404 -0.9951959939367063
23) 22 3.266 -3.404 -0.9999873867811159
23) 23 3.399 -3.271 -0.999988084873935
23) 24 3.532 -3.404 -0.981444989208485
24) 0 -7.0 1.0 0.7088612918380416
24) 1 -7.133 1.133 0.8071076125648302
24) 2 -7.266 1.266 0.8876798093045365
24) 3 -7.399 1.399 0.9480071530661819
24) 4 -7.532 1.532 0.9859617511310689
24) 5 -7.665 1.665 0.999947680725705
25) 0 -8.0 9.0 -0.5010191903189258
25) 1 -8.0 8.867 -0.5841680037943255
25) 2 -8.0 8.734000000000002 -0.6610884101903324
25) 3 -8.0 8.601000000000003 -0.7311464572701888
25) 4 -8.0 8.468000000000004 -0.7938017710178878
25) 5 -8.0 8.335000000000004 -0.8486102038699714
25) 6 -8.0 8.202000000000005 -0.8952251355713795
25) 7 -8.0 8.069000000000006 -0.9333974698302017
25) 8 -8.0 7.936000000000006 -0.962974387046168
25) 9 -8.0 7.803000000000006 -0.9838969287697624
25) 10 -8.0 7.670000000000006 -0.9961965030412441
25) 11 -8.0 7.537000000000006 -0.9999904112287805
25) 12 -8.133 7.404000000000006 -0.9999959945069893
25) 13 -8.265999999999998 7.537000000000006 -0.9818684672594383
25) 14 -8.265999999999998 7.404000000000006 -0.994849121021245
25) 15 -8.265999999999998 7.271000000000006 -0.9999122291776217
25) 16 -8.133 7.404000000000006 -0.9999959945069893
25) 17 -8.265999999999998 7.537000000000006 -0.9818684672594383
25) 18 -8.265999999999998 7.404000000000006 -0.994849121021245
25) 19 -8.265999999999998 7.271000000000006 -0.9999122291776217
25) 20 -8.133 7.404000000000006 -0.9999959945069893
25) 21 -8.265999999999998 7.537000000000006 -0.9818684672594383
25) 22 -8.265999999999998 7.404000000000006 -0.994849121021245
25) 23 -8.265999999999998 7.271000000000006 -0.9999122291776217
25) 24 -8.133 7.404000000000006 -0.9999959945069893
26) 0 3.0 0.0 0.1411200080598672
26) 1 2.867 0.0 0.271154873988568
26) 2 2.734 0.0 0.3964003475633013
26) 3 2.601 0.0 0.5146442254602457
26) 4 2.468 0.0 0.6237979731221098
26) 5 2.335 0.0 0.7219336144193528
26) 6 2.202 0.0 0.8073177853774789
26) 7 2.069 0.0 0.8784423504814541
26) 8 1.936 0.0 0.9340510407832876
26) 9 1.803 0.0 0.9731616433054727
26) 10 1.67 0.0 0.9950833498101802
26) 11 1.537 0.133 0.9996065497417973
26) 12 1.537 0.266 0.9999400649206346
27) 0 -2.0 -2.0 0.30807174236304485
27) 1 -1.867 -1.867 0.48052734478262454
27) 2 -1.734 -1.734 0.6360329108495516
27) 3 -1.601 -1.601 0.7691031648006608
27) 4 -1.468 -1.468 0.875044210094126
27) 5 -1.335 -1.335 0.9501191010837541
27) 6 -1.202 -1.202 0.9916796593770723
27) 7 -1.069 -1.202 0.9992858664146862
28) 0 -7.0 2.0 0.8398053526495963
28) 1 -7.133 2.133 0.9175624086674962
28) 2 -7.266 2.266 0.9706595364051974
28) 3 -7.399 2.399 0.9971299787953372
28) 4 -7.532 2.266 0.9999338913238295
29) 0 -10.0 5.0 -0.9829793407063873
29) 1 -10.0 4.867 -0.9920822427605013
29) 2 -10.0 4.734 -0.9976640127957588
29) 3 -10.0 4.601 -0.9999266266393011
29) 4 -10.133 4.601 -0.9911582533595301
29) 5 -10.133 4.468 -0.9969006270517695
29) 6 -10.133 4.335 -0.9996681074006177
29) 7 -10.0 4.335 -0.9953581099518667
29) 8 -10.133 4.335 -0.9996681074006177
29) 9 -10.0 4.335 -0.9953581099518667
29) 10 -10.133 4.335 -0.9996681074006177
29) 11 -10.0 4.335 -0.9953581099518667
29) 12 -10.133 4.335 -0.9996681074006177
29) 13 -10.0 4.335 -0.9953581099518667
29) 14 -10.133 4.335 -0.9996681074006177
29) 15 -10.0 4.335 -0.9953581099518667
29) 16 -10.133 4.335 -0.9996681074006177
29) 17 -10.0 4.335 -0.9953581099518667
29) 18 -10.133 4.335 -0.9996681074006177
29) 19 -10.0 4.335 -0.9953581099518667
29) 20 -10.133 4.335 -0.9996681074006177
29) 21 -10.0 4.335 -0.9953581099518667
29) 22 -10.133 4.335 -0.9996681074006177
29) 23 -10.0 4.335 -0.9953581099518667
29) 24 -10.133 4.335 -0.9996681074006177
30) 0 6.0 4.0 0.8003730606575937
30) 1 6.133 4.133 0.8967841129340072
30) 2 6.266 4.266 0.9627924118898639
30) 3 6.399 4.399 0.9960619038610222
30) 4 6.399 4.532 0.9999197825522468
31) 0 -10.0 0.0 -0.5440211108893698
31) 1 -10.0 -0.133 -0.5447629820292461
31) 2 -10.0 -0.266 -0.5469856437650001
31) 3 -10.0 -0.399 -0.5506802141560934
31) 4 -10.0 -0.532 -0.5558318008285061
31) 5 -10.0 -0.665 -0.5624193689796679
31) 6 -10.0 -0.798 -0.5704155600136608
31) 7 -10.0 -0.931 -0.5797864642325279
31) 8 -10.0 -1.064 -0.5904913519832374
31) 9 -10.0 -1.197 -0.6024823686276002
31) 10 -10.0 -1.33 -0.6157041996601132
31) 11 -10.0 -1.463 -0.6300937132411094
31) 12 -10.0 -1.596 -0.6455795883327793
31) 13 -10.0 -1.729 -0.6620819375150933
31) 14 -10.0 -1.862 -0.6795119344069147
31) 15 -10.0 -1.995 -0.6977714564127282
31) 16 -10.0 -2.128 -0.7167527542434019
31) 17 -10.0 -2.261 -0.7363381603049072
31) 18 -10.0 -2.394 -0.7563998485951131
31) 19 -10.0 -2.527 -0.7767996591773856
31) 20 -10.0 -2.66 -0.7973890005920469
31) 21 -10.0 -2.793 -0.818008843703096
31) 22 -10.0 -2.926 -0.8384898204384396
31) 23 -10.0 -3.059 -0.8586524406479932
31) 24 -10.0 -3.192 -0.8783074398570067
32) 0 9.0 7.0 -0.9186368297074818
32) 1 9.0 6.867 -0.9476466815958816
32) 2 9.0 6.734 -0.9701778182463217
32) 3 9.0 6.601 -0.986309363289468
32) 4 9.0 6.468 -0.996172391330827
32) 5 9.0 6.335 -0.9999455631996584
32) 6 9.133 6.468 -0.9808936065878866
32) 7 9.133 6.335 -0.9928735281868674
32) 8 9.133 6.202 -0.9990235857924862
32) 9 9.133 6.069 -0.9995508957373503
32) 10 9.265999999999998 5.936 -0.999961838578407
32) 11 9.398999999999997 6.069 -0.9815208473057617
32) 12 9.398999999999997 5.936 -0.9926934585496201
32) 13 9.398999999999997 5.803 -0.9987245682008183
32) 14 9.398999999999997 5.67 -0.9998237363932556
32) 15 9.265999999999998 5.537 -0.9798145882011019
32) 16 9.398999999999997 5.537 -0.9962281428321415
32) 17 9.531999999999996 5.537 -0.9996103042926903
32) 18 9.398999999999997 5.67 -0.9998237363932556
32) 19 9.265999999999998 5.537 -0.9798145882011019
32) 20 9.398999999999997 5.537 -0.9962281428321415
32) 21 9.531999999999996 5.537 -0.9996103042926903
32) 22 9.398999999999997 5.67 -0.9998237363932556
32) 23 9.265999999999998 5.537 -0.9798145882011019
32) 24 9.398999999999997 5.537 -0.9962281428321415
33) 0 7.0 3.0 0.9717622535057333
33) 1 7.133 3.133 0.9979998930429005
33) 2 7.266 3.0 0.9999756229413937
34) 0 0.0 -5.0 -0.9589242746631385
34) 1 0.133 -4.867 -0.987790081313692
34) 2 0.266 -4.734 -0.9995772559342854
34) 3 0.133 -4.734 -0.9997243822492088
34) 4 0.0 -4.734 -0.9997664910039011
34) 5 0.133 -4.867 -0.987790081313692
34) 6 0.266 -4.734 -0.9995772559342854
34) 7 0.133 -4.734 -0.9997243822492088
34) 8 0.0 -4.734 -0.9997664910039011
34) 9 0.133 -4.867 -0.987790081313692
34) 10 0.266 -4.734 -0.9995772559342854
34) 11 0.133 -4.734 -0.9997243822492088
34) 12 0.0 -4.734 -0.9997664910039011
34) 13 0.133 -4.867 -0.987790081313692
34) 14 0.266 -4.734 -0.9995772559342854
34) 15 0.133 -4.734 -0.9997243822492088
34) 16 0.0 -4.734 -0.9997664910039011
34) 17 0.133 -4.867 -0.987790081313692
34) 18 0.266 -4.734 -0.9995772559342854
34) 19 0.133 -4.734 -0.9997243822492088
34) 20 0.0 -4.734 -0.9997664910039011
34) 21 0.133 -4.867 -0.987790081313692
34) 22 0.266 -4.734 -0.9995772559342854
34) 23 0.133 -4.734 -0.9997243822492088
34) 24 0.0 -4.734 -0.9997664910039011
35) 0 2.0 -6.0 0.04135821352247398
35) 1 2.133 -6.133 0.2086046884513766
35) 2 2.266 -6.266 0.3708837835439846
35) 3 2.399 -6.399 0.5233096553516878
35) 4 2.532 -6.532 0.6611776009580063
35) 5 2.665 -6.665 0.7801265372353555
35) 6 2.798 -6.798 0.8762936432873941
35) 7 2.931 -6.931 0.9464554713431681
35) 8 3.064 -7.064 0.9881502204397414
35) 9 3.197 -7.197 0.9997764548320323
36) 0 -9.0 8.0 -0.5010191903189258
36) 1 -9.0 7.867 -0.5750973133703433
36) 2 -9.0 7.734 -0.6440886266074377
36) 3 -9.0 7.601 -0.7075901264522926
36) 4 -9.0 7.468 -0.7652670995849836
36) 5 -9.0 7.335 -0.8168532031728262
36) 6 -9.0 7.202 -0.8621497381780705
36) 7 -9.0 7.069 -0.9010241715358887
36) 8 -9.0 6.936 -0.9334079701798426
36) 9 -9.0 6.803 -0.9592938157229436
36) 10 -9.0 6.67 -0.9787322730654956
36) 11 -9.0 6.537 -0.9918279893063213
36) 12 -9.0 6.404 -0.9987355011137353
36) 13 -9.0 6.271 -0.9996547292189573
36) 14 -9.133 6.138 -0.9999649933848579
36) 15 -9.265999999999998 6.271 -0.9814332195951314
36) 16 -9.265999999999998 6.138 -0.9929276465191718
36) 17 -9.265999999999998 6.005 -0.9989371450522339
36) 18 -9.265999999999998 5.872 -0.9996709411928302
36) 19 -9.398999999999997 5.739 -0.9998550944722433
36) 20 -9.531999999999996 5.872 -0.9800796685189175
36) 21 -9.531999999999996 5.739 -0.9914640796023891
36) 22 -9.531999999999996 5.606 -0.9980326473047085
36) 23 -9.531999999999996 5.473 -0.9999916408273858
36) 24 -9.398999999999997 5.34 -0.9828364323401771
37) 0 6.0 2.0 0.04135821352247398
37) 1 6.133 2.133 0.2086046884513766
37) 2 6.266 2.266 0.3708837835439846
37) 3 6.399 2.399 0.5233096553516878
37) 4 6.532 2.532 0.6611776009580063
37) 5 6.665 2.665 0.7801265372353555
37) 6 6.798 2.798 0.8762936432873941
37) 7 6.931 2.931 0.9464554713431681
37) 8 7.064 3.064 0.9881502204397414
37) 9 7.197 3.197 0.9997764548320323
38) 0 -10.0 4.0 -0.9747394897226348
38) 1 -10.133 4.0 -0.9948385636840813
38) 2 -10.0 4.0 -0.9747394897226348
38) 3 -10.133 4.0 -0.9948385636840813
38) 4 -10.0 4.0 -0.9747394897226348
38) 5 -10.133 4.0 -0.9948385636840813
38) 6 -10.0 4.0 -0.9747394897226348
38) 7 -10.133 4.0 -0.9948385636840813
38) 8 -10.0 4.0 -0.9747394897226348
38) 9 -10.133 4.0 -0.9948385636840813
38) 10 -10.0 4.0 -0.9747394897226348
38) 11 -10.133 4.0 -0.9948385636840813
38) 12 -10.0 4.0 -0.9747394897226348
38) 13 -10.133 4.0 -0.9948385636840813
38) 14 -10.0 4.0 -0.9747394897226348
38) 15 -10.133 4.0 -0.9948385636840813
38) 16 -10.0 4.0 -0.9747394897226348
38) 17 -10.133 4.0 -0.9948385636840813
38) 18 -10.0 4.0 -0.9747394897226348
38) 19 -10.133 4.0 -0.9948385636840813
38) 20 -10.0 4.0 -0.9747394897226348
38) 21 -10.133 4.0 -0.9948385636840813
38) 22 -10.0 4.0 -0.9747394897226348
38) 23 -10.133 4.0 -0.9948385636840813
38) 24 -10.0 4.0 -0.9747394897226348
39) 0 8.0 -4.0 0.4622279808582701
39) 1 7.867 -3.867 0.6121229386862422
39) 2 7.734 -3.734 0.7423417002063519
39) 3 7.601 -3.601 0.8489143000737569
39) 4 7.468 -3.468 0.928673769788978
39) 5 7.335 -3.335 0.9793471743352986
39) 6 7.202 -3.202 0.9996151440257512
39) 7 7.202 -3.069 0.999678854454853
40) 0 5.0 -7.0 0.7328169085463447
40) 1 4.867 -6.867 0.8457275450107434
40) 2 4.734 -6.734 0.929584060704719
40) 3 4.601 -6.601 0.9815701856343443
40) 4 4.468 -6.468 0.9999741390076182
41) 0 -7.0 -7.0 -0.4570867375418006
41) 1 -7.0 -7.133 -0.5389622964418266
41) 2 -7.0 -7.266 -0.6167134348130391
41) 3 -7.0 -7.399 -0.6894727419058545
41) 4 -7.0 -7.532 -0.7563931055278887
41) 5 -7.0 -7.665 -0.8166595580597851
41) 6 -7.0 -7.798 -0.8695012404605176
41) 7 -7.0 -7.931 -0.9142033081571267
41) 8 -7.0 -8.064 -0.9501185952423836
41) 9 -7.0 -8.197 -0.9766788487162555
41) 10 -7.0 -8.329999999999998 -0.993405342804826
41) 11 -7.0 -8.462999999999997 -0.9999186848287398
41) 12 -6.867 -8.595999999999997 -0.9999784993374466
41) 13 -7.0 -8.728999999999996 -0.9813367207149232
41) 14 -6.867 -8.728999999999996 -0.9938700468942949
41) 15 -6.734 -8.728999999999996 -0.9995782676769052
41) 16 -6.867 -8.595999999999997 -0.9999784993374466
41) 17 -7.0 -8.728999999999996 -0.9813367207149232
41) 18 -6.867 -8.728999999999996 -0.9938700468942949
41) 19 -6.734 -8.728999999999996 -0.9995782676769052
41) 20 -6.867 -8.595999999999997 -0.9999784993374466
41) 21 -7.0 -8.728999999999996 -0.9813367207149232
41) 22 -6.867 -8.728999999999996 -0.9938700468942949
41) 23 -6.734 -8.728999999999996 -0.9995782676769052
41) 24 -6.867 -8.595999999999997 -0.9999784993374466
42) 0 -1.0 9.0 0.36104927727853203
42) 1 -0.867 8.867 0.4929628919197159
42) 2 -0.734 8.734000000000002 0.6131087716300232
42) 3 -0.601 8.601000000000003 0.719308162522386
42) 4 -0.46799999999999997 8.468000000000004 0.8098259437907495
42) 5 -0.33499999999999996 8.335000000000004 0.8833905621508811
42) 6 -0.20199999999999996 8.202000000000005 0.9391992816727845
42) 7 -0.06899999999999995 8.069000000000006 0.9769094877164806
42) 8 0.06400000000000006 7.936000000000006 0.9966172037745931
42) 9 0.19700000000000006 7.803000000000006 0.9988243367617093
42) 10 0.33000000000000007 7.803000000000006 0.9990318629279302
42) 11 0.4630000000000001 7.803000000000006 0.9993060239503907
42) 12 0.5960000000000001 7.803000000000006 0.9996009039511221
42) 13 0.7290000000000001 7.803000000000006 0.9998554697146621
42) 14 0.8620000000000001 7.803000000000006 0.9999938283538652
43) 0 8.0 6.0 -0.5440211108893698
43) 1 8.133 6.0 -0.6302980671881105
43) 2 8.265999999999998 6.0 -0.7098385953019369
43) 3 8.398999999999997 6.0 -0.7815824865878661
43) 4 8.531999999999996 6.0 -0.8445409621642586
43) 5 8.664999999999996 6.0 -0.8978127360180834
43) 6 8.797999999999995 6.0 -0.940599317483177
43) 7 8.930999999999994 6.0 -0.9722192850976558
43) 8 9.063999999999993 6.0 -0.9921212719234446
43) 9 9.196999999999992 6.0 -0.9998954152003365
43) 10 9.063999999999993 5.867 -0.9803723529364057
43) 11 9.196999999999992 5.867 -0.9962556464104173
43) 12 9.329999999999991 5.867 -0.9996673180417177
43) 13 9.196999999999992 6.0 -0.9998954152003365
43) 14 9.063999999999993 5.867 -0.9803723529364057
43) 15 9.196999999999992 5.867 -0.9962556464104173
43) 16 9.329999999999991 5.867 -0.9996673180417177
43) 17 9.196999999999992 6.0 -0.9998954152003365
43) 18 9.063999999999993 5.867 -0.9803723529364057
43) 19 9.196999999999992 5.867 -0.9962556464104173
43) 20 9.329999999999991 5.867 -0.9996673180417177
43) 21 9.196999999999992 6.0 -0.9998954152003365
43) 22 9.063999999999993 5.867 -0.9803723529364057
43) 23 9.196999999999992 5.867 -0.9962556464104173
43) 24 9.329999999999991 5.867 -0.9996673180417177
44) 0 4.0 -6.0 0.8003730606575937
44) 1 4.133 -6.133 0.8967841129340072
44) 2 4.266 -6.266 0.9627924118898639
44) 3 4.399 -6.399 0.9960619038610222
44) 4 4.532 -6.399 0.9999197825522468
45) 0 -6.0 -7.0 0.2037957684966491
45) 1 -5.867 -6.867 0.38273820121461544
45) 2 -5.734 -6.734 0.548240734680762
45) 3 -5.601 -6.601 0.694507005403713
45) 4 -5.468 -6.468 0.8164191155322317
45) 5 -5.335 -6.335 0.9097167152435649
45) 6 -5.202 -6.202 0.9711457593306542
45) 7 -5.069 -6.069 0.9985717301756197
45) 8 -4.936 -6.069 0.999515200860388
45) 9 -4.803 -6.202 0.9999534847493566
46) 0 -6.0 7.0 0.2037957684966491
46) 1 -5.867 6.867 0.38273820121461544
46) 2 -5.734 6.734 0.548240734680762
46) 3 -5.601 6.601 0.694507005403713
46) 4 -5.468 6.468 0.8164191155322317
46) 5 -5.335 6.335 0.9097167152435649
46) 6 -5.202 6.202 0.9711457593306542
46) 7 -5.069 6.069 0.9985717301756197
46) 8 -4.936 6.069 0.999515200860388
46) 9 -4.803 6.202 0.9999534847493566
47) 0 5.0 8.0 -0.009203041372185148
47) 1 4.867 7.867 0.1730974995409055
47) 2 4.734 7.734 0.3494176967419881
47) 3 4.601 7.601 0.5138887149997218
47) 4 4.468 7.468 0.6610721893850562
47) 5 4.335 7.335 0.7861411144070839
47) 6 4.202 7.202 0.8850382802895077
47) 7 4.069 7.069 0.9546069505151324
47) 8 3.936 6.936 0.9926894871771809
47) 9 3.936 6.803 0.9999843622145131
48) 0 -3.0 -3.0 -0.8916822544789358
48) 1 -3.0 -3.133 -0.930623507539537
48) 2 -3.0 -3.266 -0.9616974659417928
48) 3 -3.0 -3.399 -0.9840533465660953
48) 4 -3.0 -3.532 -0.9969381740366647
48) 5 -3.0 -3.665 -0.9997149338746387
48) 6 -3.133 -3.532 -0.9999602600222672
48) 7 -3.266 -3.399 -0.999998997531209
48) 8 -3.399 -3.532 -0.9821041244664619
48) 9 -3.266 -3.532 -0.9951821142064288
48) 10 -3.133 -3.532 -0.9999602600222672
48) 11 -3.266 -3.399 -0.999998997531209
48) 12 -3.399 -3.532 -0.9821041244664619
48) 13 -3.266 -3.532 -0.9951821142064288
48) 14 -3.133 -3.532 -0.9999602600222672
48) 15 -3.266 -3.399 -0.999998997531209
48) 16 -3.399 -3.532 -0.9821041244664619
48) 17 -3.266 -3.532 -0.9951821142064288
48) 18 -3.133 -3.532 -0.9999602600222672
48) 19 -3.266 -3.399 -0.999998997531209
48) 20 -3.399 -3.532 -0.9821041244664619
48) 21 -3.266 -3.532 -0.9951821142064288
48) 22 -3.133 -3.532 -0.9999602600222672
48) 23 -3.266 -3.399 -0.999998997531209
48) 24 -3.399 -3.532 -0.9821041244664619
49) 0 8.0 8.0 -0.949820680215173
49) 1 8.0 7.867 -0.9749092884170433
49) 2 8.0 7.734 -0.9913487967110404
49) 3 8.0 7.601 -0.9992157902469201
49) 4 7.867 7.734 -0.9993376124105205
49) 5 8.0 7.867 -0.9749092884170433
49) 6 8.0 7.734 -0.9913487967110404
49) 7 8.0 7.601 -0.9992157902469201
49) 8 7.867 7.734 -0.9993376124105205
49) 9 8.0 7.867 -0.9749092884170433
49) 10 8.0 7.734 -0.9913487967110404
49) 11 8.0 7.601 -0.9992157902469201
49) 12 7.867 7.734 -0.9993376124105205
49) 13 8.0 7.867 -0.9749092884170433
49) 14 8.0 7.734 -0.9913487967110404
49) 15 8.0 7.601 -0.9992157902469201
49) 16 7.867 7.734 -0.9993376124105205
49) 17 8.0 7.867 -0.9749092884170433
49) 18 8.0 7.734 -0.9913487967110404
49) 19 8.0 7.601 -0.9992157902469201
49) 20 7.867 7.734 -0.9993376124105205
49) 21 8.0 7.867 -0.9749092884170433
49) 22 8.0 7.734 -0.9913487967110404
49) 23 8.0 7.601 -0.9992157902469201
49) 24 7.867 7.734 -0.9993376124105205
50) 0 -8.0 6.0 -0.5440211108893698
50) 1 -8.133 6.0 -0.6302980671881105
50) 2 -8.265999999999998 6.0 -0.7098385953019369
50) 3 -8.398999999999997 6.0 -0.7815824865878661
50) 4 -8.531999999999996 6.0 -0.8445409621642586
50) 5 -8.664999999999996 6.0 -0.8978127360180834
50) 6 -8.797999999999995 6.0 -0.940599317483177
50) 7 -8.930999999999994 6.0 -0.9722192850976558
50) 8 -9.063999999999993 6.0 -0.9921212719234446
50) 9 -9.196999999999992 6.0 -0.9998954152003365
50) 10 -9.063999999999993 5.867 -0.9803723529364057
50) 11 -9.196999999999992 5.867 -0.9962556464104173
50) 12 -9.329999999999991 5.867 -0.9996673180417177
50) 13 -9.196999999999992 6.0 -0.9998954152003365
50) 14 -9.063999999999993 5.867 -0.9803723529364057
50) 15 -9.196999999999992 5.867 -0.9962556464104173
50) 16 -9.329999999999991 5.867 -0.9996673180417177
50) 17 -9.196999999999992 6.0 -0.9998954152003365
50) 18 -9.063999999999993 5.867 -0.9803723529364057
50) 19 -9.196999999999992 5.867 -0.9962556464104173
50) 20 -9.329999999999991 5.867 -0.9996673180417177
50) 21 -9.196999999999992 6.0 -0.9998954152003365
50) 22 -9.063999999999993 5.867 -0.9803723529364057
50) 23 -9.196999999999992 5.867 -0.9962556464104173
50) 24 -9.329999999999991 5.867 -0.9996673180417177
51) 0 -2.0 -10.0 -0.6984726873116567
51) 1 -2.0 -10.133 -0.7856284485134865
51) 2 -2.0 -10.265999999999998 -0.8594667600079596
51) 3 -2.0 -10.398999999999997 -0.9187101082710276
51) 4 -2.0 -10.531999999999996 -0.962327754098641
51) 5 -2.0 -10.664999999999996 -0.9895542063745351
51) 6 -2.0 -10.797999999999995 -0.9999031646923084
51) 7 -2.0 -10.930999999999994 -0.9931766717774785
51) 8 -2.0 -11.063999999999993 -0.969469299714309
51) 9 -2.0 -11.196999999999992 -0.9291672804056619
51) 10 -2.0 -11.329999999999991 -0.8729425789659532
51) 11 -2.0 -11.46299999999999 -0.8017419973149263
51) 12 -2.0 -11.59599999999999 -0.7167714825416136
51) 13 -2.0 -11.728999999999989 -0.6194758991000351
51) 14 -2.0 -11.861999999999988 -0.5115146040834678
51) 15 -2.0 -11.994999999999987 -0.394733239276985
51) 16 -2.0 -12.127999999999986 -0.2711322210813374
51) 17 -2.0 -12.260999999999985 -0.14283246852884215
51) 18 -2.0 -12.393999999999984 -0.01203895941108874
51) 19 -2.133 -12.393999999999984 0.009833940797703852
51) 20 -2.266 -12.393999999999984 0.03306747108231438
51) 21 -2.399 -12.393999999999984 0.05763944491605517
51) 22 -2.532 -12.393999999999984 0.08352248447097736
51) 23 -2.665 -12.393999999999984 0.11068343049038658
51) 24 -2.798 -12.393999999999984 0.13908274729975942
52) 0 3.0 -7.0 0.9717622535057333
52) 1 3.133 -7.133 0.9979998930429005
52) 2 3.0 -7.266 0.9999756229413937
53) 0 -10.0 -10.0 0.9999876561221204
54) 0 -5.0 8.0 -0.009203041372185148
54) 1 -4.867 7.867 0.1730974995409055
54) 2 -4.734 7.734 0.3494176967419881
54) 3 -4.601 7.601 0.5138887149997218
54) 4 -4.468 7.468 0.6610721893850562
54) 5 -4.335 7.335 0.7861411144070839
54) 6 -4.202 7.202 0.8850382802895077
54) 7 -4.069 7.069 0.9546069505151324
54) 8 -3.936 6.936 0.9926894871771809
54) 9 -3.936 6.803 0.9999843622145131
55) 0 1.0 5.0 -0.9261848392897116
55) 1 1.0 4.867 -0.9673391809324549
55) 2 1.0 4.734 -0.9920627787088098
55) 3 1.0 4.601 -0.9999921160629861
55) 4 0.867 4.468 -0.9870599216525984
55) 5 1.0 4.468 -0.9910555248216171
55) 6 1.133 4.468 -0.9947029337998253
55) 7 1.266 4.468 -0.997655345936939
55) 8 1.399 4.468 -0.999535368757978
55) 9 1.532 4.468 -0.999939913799567
55) 10 1.665 4.601 -0.9837345407400357
55) 11 1.665 4.468 -0.9984457888145641
55) 12 1.798 4.335 -0.9998136473133874
55) 13 1.665 4.202 -0.981521243401412
55) 14 1.798 4.202 -0.9899527664040928
55) 15 1.931 4.202 -0.9961361172871216
55) 16 2.064 4.202 -0.9995244820723682
55) 17 2.197 4.202 -0.9995707899914187
55) 18 2.33 4.069 -0.999723840421864
55) 19 2.197 3.936 -0.9791140067494178
55) 20 2.33 3.936 -0.990432278228567
55) 21 2.463 3.936 -0.9976011303241191
55) 22 2.596 3.936 -0.9999965671587733
55) 23 2.729 4.069 -0.9825627941240525
55) 24 2.729 3.936 -0.9970265944050948
56) 0 -3.0 0.0 0.1411200080598672
56) 1 -2.867 0.0 0.271154873988568
56) 2 -2.734 0.0 0.3964003475633013
56) 3 -2.601 0.0 0.5146442254602457
56) 4 -2.468 0.0 0.6237979731221098
56) 5 -2.335 0.0 0.7219336144193528
56) 6 -2.202 0.0 0.8073177853774789
56) 7 -2.069 0.0 0.8784423504814541
56) 8 -1.936 0.0 0.9340510407832876
56) 9 -1.803 0.0 0.9731616433054727
56) 10 -1.67 0.0 0.9950833498101802
56) 11 -1.537 0.133 0.9996065497417973
56) 12 -1.537 0.266 0.9999400649206346
57) 0 -10.0 -6.0 -0.786095708473608
57) 1 -9.867 -6.0 -0.8512226568299804
57) 2 -9.734000000000002 -6.0 -0.9051536036428296
57) 3 -9.601000000000003 -6.0 -0.9473145834136977
57) 4 -9.468000000000004 -6.0 -0.9772983629966239
57) 5 -9.335000000000004 -6.0 -0.9948662204909855
57) 6 -9.202000000000005 -6.0 -0.9999472143180229
57) 7 -9.069000000000006 -5.867 -0.9811913212891239
57) 8 -9.069000000000006 -6.0 -0.9926350232262999
57) 9 -9.069000000000006 -6.133 -0.9988723459878336
57) 10 -9.069000000000006 -6.266 -0.9996202128907645
57) 11 -8.936000000000007 -6.399 -0.9999889506142676
57) 12 -8.803000000000008 -6.266 -0.9819616450346221
57) 13 -8.803000000000008 -6.399 -0.9936718605103648
57) 14 -8.803000000000008 -6.532 -0.9994278126778013
57) 15 -8.936000000000007 -6.399 -0.9999889506142676
57) 16 -8.803000000000008 -6.266 -0.9819616450346221
57) 17 -8.803000000000008 -6.399 -0.9936718605103648
57) 18 -8.803000000000008 -6.532 -0.9994278126778013
57) 19 -8.936000000000007 -6.399 -0.9999889506142676
57) 20 -8.803000000000008 -6.266 -0.9819616450346221
57) 21 -8.803000000000008 -6.399 -0.9936718605103648
57) 22 -8.803000000000008 -6.532 -0.9994278126778013
57) 23 -8.936000000000007 -6.399 -0.9999889506142676
57) 24 -8.803000000000008 -6.266 -0.9819616450346221
58) 0 0.0 -9.0 0.4121184852417566
58) 1 0.0 -8.867 0.5293022540207822
58) 2 0.0 -8.734000000000002 0.6371369886812039
58) 3 0.0 -8.601000000000003 0.733718010741393
58) 4 0.0 -8.468000000000004 0.8173394153736423
58) 5 0.0 -8.335000000000004 0.886524202699312
58) 6 0.0 -8.202000000000005 0.9400503659495236
58) 7 0.0 -8.069000000000006 0.9769724756977768
58) 8 0.0 -7.936000000000006 0.9966383789234768
58) 9 0.133 -7.803000000000006 0.9987578336337117
58) 10 0.266 -7.803000000000006 0.9989214366677702
58) 11 0.399 -7.803000000000006 0.999168324608041
58) 12 0.532 -7.803000000000006 0.9994599264271186
58) 13 0.665 -7.803000000000006 0.9997424558609315
58) 14 0.798 -7.803000000000006 0.9999471335279128
58) 15 0.931 -7.803000000000006 0.9999904850136432
59) 0 -4.0 -4.0 -0.586176193003373
59) 1 -3.867 -4.0 -0.6590698702102644
59) 2 -3.734 -4.0 -0.7251056946949304
59) 3 -3.601 -4.0 -0.7839895180009427
59) 4 -3.468 -4.0 -0.8355481773172855
59) 5 -3.335 -4.0 -0.8797257262235797
59) 6 -3.202 -4.0 -0.9165778510825086
59) 7 -3.069 -4.0 -0.946264669154774
59) 8 -2.936 -4.0 -0.9690421294731427
59) 9 -2.803 -4.0 -0.9852522568552328
59) 10 -2.67 -4.0 -0.9953124927539863
59) 11 -2.537 -4.0 -0.99970439365343
59) 12 -2.67 -3.867 -0.9999131786518664
59) 13 -2.537 -3.734 -0.9804492551416765
59) 14 -2.537 -3.867 -0.9961786606866292
59) 15 -2.537 -4.0 -0.99970439365343
59) 16 -2.67 -3.867 -0.9999131786518664
59) 17 -2.537 -3.734 -0.9804492551416765
59) 18 -2.537 -3.867 -0.9961786606866292
59) 19 -2.537 -4.0 -0.99970439365343
59) 20 -2.67 -3.867 -0.9999131786518664
59) 21 -2.537 -3.734 -0.9804492551416765
59) 22 -2.537 -3.867 -0.9961786606866292
59) 23 -2.537 -4.0 -0.99970439365343
59) 24 -2.67 -3.867 -0.9999131786518664
60) 0 -1.0 2.0 0.786749131547214
60) 1 -0.867 1.867 0.8834162786908029
60) 2 -0.734 1.734 0.9516734438607605
60) 3 -0.601 1.601 0.990314548018188
60) 4 -0.601 1.468 0.999880419255651
61) 0 -4.0 7.0 0.9783888223346213
61) 1 -3.867 6.867 0.9996363669354663
61) 2 -4.0 6.734 0.9997674922061129
62) 0 3.0 3.0 -0.8916822544789358
62) 1 3.133 3.0 -0.930623507539537
62) 2 3.266 3.0 -0.9616974659417928
62) 3 3.399 3.0 -0.9840533465660953
62) 4 3.532 3.0 -0.9969381740366647
62) 5 3.665 3.0 -0.9997149338746387
62) 6 3.532 3.133 -0.9999602600222672
62) 7 3.399 3.266 -0.999998997531209
62) 8 3.532 3.399 -0.9821041244664619
62) 9 3.532 3.266 -0.9951821142064288
62) 10 3.532 3.133 -0.9999602600222672
62) 11 3.399 3.266 -0.999998997531209
62) 12 3.532 3.399 -0.9821041244664619
62) 13 3.532 3.266 -0.9951821142064288
62) 14 3.532 3.133 -0.9999602600222672
62) 15 3.399 3.266 -0.999998997531209
62) 16 3.532 3.399 -0.9821041244664619
62) 17 3.532 3.266 -0.9951821142064288
62) 18 3.532 3.133 -0.9999602600222672
62) 19 3.399 3.266 -0.999998997531209
62) 20 3.532 3.399 -0.9821041244664619
62) 21 3.532 3.266 -0.9951821142064288
62) 22 3.532 3.133 -0.9999602600222672
62) 23 3.399 3.266 -0.999998997531209
62) 24 3.532 3.399 -0.9821041244664619
63) 0 -3.0 2.0 -0.44749175223692067
63) 1 -3.133 2.0 -0.5441314440550908
63) 2 -3.266 2.0 -0.6350918631051994
63) 3 -3.399 2.0 -0.718860713556069
63) 4 -3.532 2.0 -0.7939940440983796
63) 5 -3.665 2.0 -0.8591462449124437
63) 6 -3.798 2.0 -0.9130984796013369
63) 7 -3.931 2.0 -0.9547850046168701
63) 8 -4.064 2.0 -0.9833168685106086
63) 9 -4.197 2.0 -0.9980025312767357
63) 10 -4.33 2.0 -0.9983649996583956
63) 11 -4.33 1.867 -0.9999955962630285
63) 12 -4.463 2.0 -0.984155136862004
63) 13 -4.463 1.867 -0.9921495821012197
63) 14 -4.463 1.734 -0.9971414204768411
63) 15 -4.463 1.601 -0.9995770780905906
63) 16 -4.463 1.468 -0.9998998052973459
63) 17 -4.33 1.335 -0.9836172383934617
63) 18 -4.463 1.335 -0.9985423896407837
63) 19 -4.596 1.202 -0.9992707728118464
63) 20 -4.596 1.069 -0.9999801875579487
63) 21 -4.729 1.202 -0.9860911452560431
63) 22 -4.729 1.069 -0.9907756629417361
63) 23 -4.729 0.9359999999999999 -0.9941357367960038
63) 24 -4.729 0.8029999999999999 -0.9964486408659337
64) 0 6.0 5.0 0.9990439103118804
64) 1 6.133 4.867 0.9997008206677722
64) 2 6.266 4.734 0.9999997312571713
65) 0 4.0 -2.0 -0.9712777989606532
65) 1 4.0 -2.133 -0.9839843734487556
65) 2 4.0 -2.266 -0.9933794323910409
65) 3 4.0 -2.399 -0.9988414034191234
65) 4 4.0 -2.532 -0.9997658789340654
65) 5 3.867 -2.665 -0.999871737796691
65) 6 3.734 -2.532 -0.979892844762554
65) 7 3.734 -2.665 -0.992209122984405
65) 8 3.734 -2.798 -0.9989242440636618
65) 9 3.734 -2.931 -0.9994028903796817
65) 10 3.601 -3.064 -0.9998759733422196
65) 11 3.468 -3.197 -0.9999904433543689
65) 12 3.335 -3.33 -0.9999998852592011
65) 13 3.468 -3.463 -0.9822734125522103
65) 14 3.335 -3.463 -0.9954552561859996
65) 15 3.202 -3.463 -0.9999916363832768
65) 16 3.335 -3.33 -0.9999998852592011
65) 17 3.468 -3.463 -0.9822734125522103
65) 18 3.335 -3.463 -0.9954552561859996
65) 19 3.202 -3.463 -0.9999916363832768
65) 20 3.335 -3.33 -0.9999998852592011
65) 21 3.468 -3.463 -0.9822734125522103
65) 22 3.335 -3.463 -0.9954552561859996
65) 23 3.202 -3.463 -0.9999916363832768
65) 24 3.335 -3.33 -0.9999998852592011
66) 0 3.0 4.0 -0.9589242746631385
66) 1 3.0 3.867 -0.983508702007683
66) 2 3.0 3.734 -0.9970006439184285
66) 3 3.0 3.601 -0.9996756339130424
66) 4 2.867 3.734 -0.9999890095950709
66) 5 2.734 3.601 -0.9817938577948179
66) 6 2.867 3.601 -0.9940144596126952
66) 7 3.0 3.601 -0.9996756339130424
66) 8 2.867 3.734 -0.9999890095950709
66) 9 2.734 3.601 -0.9817938577948179
66) 10 2.867 3.601 -0.9940144596126952
66) 11 3.0 3.601 -0.9996756339130424
66) 12 2.867 3.734 -0.9999890095950709
66) 13 2.734 3.601 -0.9817938577948179
66) 14 2.867 3.601 -0.9940144596126952
66) 15 3.0 3.601 -0.9996756339130424
66) 16 2.867 3.734 -0.9999890095950709
66) 17 2.734 3.601 -0.9817938577948179
66) 18 2.867 3.601 -0.9940144596126952
66) 19 3.0 3.601 -0.9996756339130424
66) 20 2.867 3.734 -0.9999890095950709
66) 21 2.734 3.601 -0.9817938577948179
66) 22 2.867 3.601 -0.9940144596126952
66) 23 3.0 3.601 -0.9996756339130424
66) 24 2.867 3.734 -0.9999890095950709
67) 0 6.0 5.0 0.9990439103118804
67) 1 6.133 4.867 0.9997008206677722
67) 2 6.266 4.734 0.9999997312571713
68) 0 6.0 -1.0 -0.19908366251892284
68) 1 5.867 -1.0 -0.3255307558597626
68) 2 5.734 -1.0 -0.4463114956206333
68) 3 5.601 -1.0 -0.5593619076384542
68) 4 5.468 -1.0 -0.6627583042731371
68) 5 5.335 -1.0 -0.7547504595455555
68) 6 5.202 -1.0 -0.8337916138709114
68) 7 5.069 -1.0 -0.8985647803107767
68) 8 4.936 -1.0 -0.9480048902551333
68) 9 4.803 -1.0 -0.9813163904681964
68) 10 4.67 -1.0 -0.997985984146498
68) 11 4.537 -1.133 -0.999349928952324
68) 12 4.537 -1.266 -0.9999978619657292
68) 13 4.404 -1.133 -0.9864212170093405
68) 14 4.404 -1.266 -0.9915574124853374
68) 15 4.404 -1.399 -0.9958148372624039
68) 16 4.404 -1.532 -0.9987735666504044
68) 17 4.404 -1.665 -0.9999913564291704
68) 18 4.271 -1.532 -0.9847374007725724
68) 19 4.271 -1.665 -0.9917779667834311
68) 20 4.271 -1.798 -0.9969315982189157
68) 21 4.271 -1.931 -0.9996837359463971
68) 22 4.138 -1.798 -0.9799385471242475
68) 23 4.138 -1.931 -0.9893592727952729
68) 24 4.138 -2.064 -0.9961130558665187
69) 0 4.0 -9.0 -0.41148230684214054
69) 1 4.0 -9.133 -0.519070485226868
69) 2 4.0 -9.265999999999998 -0.6192066330096389
69) 3 4.0 -9.398999999999997 -0.7103364667801646
69) 4 4.0 -9.531999999999996 -0.7910270054677381
69) 5 4.0 -9.664999999999996 -0.859990938279571
69) 6 4.0 -9.797999999999995 -0.9161089829344053
69) 7 4.0 -9.930999999999994 -0.9584498274968046
69) 8 4.0 -10.063999999999993 -0.9862872846057245
69) 9 4.0 -10.196999999999992 -0.9991143293516072
69) 10 4.0 -10.329999999999991 -0.9966537408260344
69) 11 4.0 -10.46299999999999 -0.978865121663403
69) 12 4.0 -10.59599999999999 -0.9459481288246249
69) 13 4.0 -10.728999999999989 -0.8983418114556614
69) 14 4.0 -10.861999999999988 -0.836720016830399
69) 15 4.0 -10.994999999999987 -0.7619828920422073
69) 16 4.0 -11.127999999999986 -0.6752445760878392
69) 17 4.0 -11.260999999999985 -0.5778172431196532
69) 18 4.0 -11.393999999999984 -0.47119172175903523
69) 19 4.0 -11.526999999999983 -0.35701497632077495
69) 20 4.0 -11.659999999999982 -0.23706479249474213
69) 21 4.0 -11.792999999999981 -0.11322206143175167
69) 22 4.0 -11.92599999999998 0.012558898667500845
69) 23 4.133 -11.92599999999998 0.05545360233019042
69) 24 4.266 -11.92599999999998 0.09949120018810971
70) 0 4.0 -7.0 0.9783888223346213
70) 1 3.867 -6.867 0.9996363669354663
70) 2 4.0 -6.734 0.9997674922061129
71) 0 -5.0 0.0 -0.9589242746631385
71) 1 -4.867 0.0 -0.9880715068572294
71) 2 -4.734 0.0 -0.9997664910039011
71) 3 -4.867 0.133 -0.987790081313692
71) 4 -4.867 0.0 -0.9880715068572294
71) 5 -4.734 0.0 -0.9997664910039011
71) 6 -4.867 0.133 -0.987790081313692
71) 7 -4.867 0.0 -0.9880715068572294
71) 8 -4.734 0.0 -0.9997664910039011
71) 9 -4.867 0.133 -0.987790081313692
71) 10 -4.867 0.0 -0.9880715068572294
71) 11 -4.734 0.0 -0.9997664910039011
71) 12 -4.867 0.133 -0.987790081313692
71) 13 -4.867 0.0 -0.9880715068572294
71) 14 -4.734 0.0 -0.9997664910039011
71) 15 -4.867 0.133 -0.987790081313692
71) 16 -4.867 0.0 -0.9880715068572294
71) 17 -4.734 0.0 -0.9997664910039011
71) 18 -4.867 0.133 -0.987790081313692
71) 19 -4.867 0.0 -0.9880715068572294
71) 20 -4.734 0.0 -0.9997664910039011
71) 21 -4.867 0.133 -0.987790081313692
71) 22 -4.867 0.0 -0.9880715068572294
71) 23 -4.734 0.0 -0.9997664910039011
71) 24 -4.867 0.133 -0.987790081313692
72) 0 -6.0 9.0 -0.9840363888387289
72) 1 -5.867 9.133 -0.9901508749262682
72) 2 -5.734 9.265999999999998 -0.9951133867001725
72) 3 -5.601 9.398999999999997 -0.9985283955371685
72) 4 -5.468 9.531999999999996 -0.9999783676074675
72) 5 -5.335 9.398999999999997 -0.9823779481859181
72) 6 -5.202 9.531999999999996 -0.9907004212322003
72) 7 -5.069 9.664999999999996 -0.9966431933868558
72) 8 -4.936 9.797999999999995 -0.9997003687564519
72) 9 -4.803 9.664999999999996 -0.9794789941073362
72) 10 -4.67 9.797999999999995 -0.9899976100838216
72) 11 -4.537 9.930999999999994 -0.9970153153954802
72) 12 -4.404 10.063999999999993 -0.9999483806752901
72) 13 -4.271 10.196999999999992 -0.9982153514795162
72) 14 -4.271 10.063999999999993 -0.9980286802815863
72) 15 -4.138 10.196999999999992 -0.999959009015719
72) 16 -4.138 10.063999999999993 -0.9935010923456694
72) 17 -4.005 10.196999999999992 -0.9991895339525791
72) 18 -4.005 10.063999999999993 -0.9865905499389026
72) 19 -3.872 10.196999999999992 -0.9961144316908185
72) 20 -3.872 10.063999999999993 -0.9775242002249016
72) 21 -3.739 10.196999999999992 -0.9909437638131527
72) 22 -3.739 10.063999999999993 -0.9665294613158327
72) 23 -3.606 10.196999999999992 -0.9838883366258191
72) 24 -3.606 10.063999999999993 -0.9538322521709184
73) 0 1.0 7.0 0.7088612918380416
73) 1 1.133 7.133 0.8071076125648302
73) 2 1.266 7.266 0.8876798093045365
73) 3 1.399 7.399 0.9480071530661819
73) 4 1.532 7.532 0.9859617511310689
73) 5 1.665 7.665 0.999947680725705
74) 0 -5.0 -10.0 -0.9829793407063873
74) 1 -5.0 -10.133 -0.9541823939109046
74) 2 -5.0 -10.265999999999998 -0.9117371742949293
74) 3 -5.0 -10.398999999999997 -0.8561511218680988
74) 4 -5.0 -10.531999999999996 -0.7881316540332681
74) 5 -5.0 -10.664999999999996 -0.7085784999107848
74) 6 -5.0 -10.797999999999995 -0.6185728669989224
74) 7 -5.0 -10.930999999999994 -0.5193635582121565
74) 8 -5.0 -11.063999999999993 -0.41235021047025605
74) 9 -5.0 -11.196999999999992 -0.29906387715776533
74) 10 -5.0 -11.329999999999991 -0.18114522501291377
74) 11 -5.0 -11.46299999999999 -0.06032066045259661
74) 12 -5.0 -11.59599999999999 0.061623259836530726
74) 13 -5.133 -11.59599999999999 0.1146583391508088
74) 14 -5.266 -11.59599999999999 0.16851817155903157
74) 15 -5.399 -11.59599999999999 0.2230017586850285
74) 16 -5.532 -11.59599999999999 0.27788891149668954
74) 17 -5.665 -11.59599999999999 0.3329405897490368
74) 18 -5.798 -11.59599999999999 0.38789946249799534
74) 19 -5.931 -11.59599999999999 0.4424907022334329
74) 20 -6.064 -11.59599999999999 0.49642302337737415
74) 21 -6.197 -11.59599999999999 0.5493899737753488
74) 22 -6.33 -11.59599999999999 0.6010714853794081
74) 23 -6.463 -11.59599999999999 0.6511356875889743
74) 24 -6.596 -11.59599999999999 0.699240983695341
75) 0 0.0 -5.0 -0.9589242746631385
75) 1 0.133 -4.867 -0.987790081313692
75) 2 0.266 -4.734 -0.9995772559342854
75) 3 0.133 -4.734 -0.9997243822492088
75) 4 0.0 -4.734 -0.9997664910039011
75) 5 0.133 -4.867 -0.987790081313692
75) 6 0.266 -4.734 -0.9995772559342854
75) 7 0.133 -4.734 -0.9997243822492088
75) 8 0.0 -4.734 -0.9997664910039011
75) 9 0.133 -4.867 -0.987790081313692
75) 10 0.266 -4.734 -0.9995772559342854
75) 11 0.133 -4.734 -0.9997243822492088
75) 12 0.0 -4.734 -0.9997664910039011
75) 13 0.133 -4.867 -0.987790081313692
75) 14 0.266 -4.734 -0.9995772559342854
75) 15 0.133 -4.734 -0.9997243822492088
75) 16 0.0 -4.734 -0.9997664910039011
75) 17 0.133 -4.867 -0.987790081313692
75) 18 0.266 -4.734 -0.9995772559342854
75) 19 0.133 -4.734 -0.9997243822492088
75) 20 0.0 -4.734 -0.9997664910039011
75) 21 0.133 -4.867 -0.987790081313692
75) 22 0.266 -4.734 -0.9995772559342854
75) 23 0.133 -4.734 -0.9997243822492088
75) 24 0.0 -4.734 -0.9997664910039011
76) 0 -10.0 -1.0 -0.5851764690934534
76) 1 -10.0 -1.133 -0.5965550332984523
76) 2 -10.0 -1.266 -0.6091919827168151
76) 3 -10.0 -1.399 -0.6230279929658508
76) 4 -10.0 -1.532 -0.6379957306506635
76) 5 -10.0 -1.665 -0.6540194775523898
76) 6 -10.0 -1.798 -0.6710147545427263
76) 7 -10.0 -1.931 -0.6888879555700258
76) 8 -10.0 -2.064 -0.7075360028243551
76) 9 -10.0 -2.197 -0.7268460348761925
76) 10 -10.0 -2.33 -0.7466951401795484
76) 11 -10.0 -2.463 -0.7669501488178254
76) 12 -10.0 -2.596 -0.7874674957310878
76) 13 -10.0 -2.729 -0.8080931688771992
76) 14 -10.0 -2.862 -0.8286627558270835
76) 15 -10.0 -2.995 -0.84900160215649
76) 16 -10.0 -3.128 -0.8689250946544527
76) 17 -10.0 -3.261 -0.888239081804237
76) 18 -10.0 -3.394 -0.9067404431901963
76) 19 -10.0 -3.527 -0.92421781842977
76) 20 -10.0 -3.66 -0.9404525049133157
76) 21 -10.0 -3.793 -0.9552195320481128
76) 22 -10.0 -3.926 -0.9682889178437233
76) 23 -10.0 -4.059 -0.979427111545241
76) 24 -10.0 -4.192 -0.9883986236253657
77) 0 4.0 -2.0 -0.9712777989606532
77) 1 4.0 -2.133 -0.9839843734487556
77) 2 4.0 -2.266 -0.9933794323910409
77) 3 4.0 -2.399 -0.9988414034191234
77) 4 4.0 -2.532 -0.9997658789340654
77) 5 3.867 -2.665 -0.999871737796691
77) 6 3.734 -2.532 -0.979892844762554
77) 7 3.734 -2.665 -0.992209122984405
77) 8 3.734 -2.798 -0.9989242440636618
77) 9 3.734 -2.931 -0.9994028903796817
77) 10 3.601 -3.064 -0.9998759733422196
77) 11 3.468 -3.197 -0.9999904433543689
77) 12 3.335 -3.33 -0.9999998852592011
77) 13 3.468 -3.463 -0.9822734125522103
77) 14 3.335 -3.463 -0.9954552561859996
77) 15 3.202 -3.463 -0.9999916363832768
77) 16 3.335 -3.33 -0.9999998852592011
77) 17 3.468 -3.463 -0.9822734125522103
77) 18 3.335 -3.463 -0.9954552561859996
77) 19 3.202 -3.463 -0.9999916363832768
77) 20 3.335 -3.33 -0.9999998852592011
77) 21 3.468 -3.463 -0.9822734125522103
77) 22 3.335 -3.463 -0.9954552561859996
77) 23 3.202 -3.463 -0.9999916363832768
77) 24 3.335 -3.33 -0.9999998852592011
78) 0 -6.0 6.0 0.8072610908541349
78) 1 -5.867 5.867 0.9033800231130424
78) 2 -5.734 5.734 0.9676332886241953
78) 3 -5.601 5.601 0.997754429093357
78) 4 -5.601 5.468 0.9996501744060563
78) 5 -5.734 5.335 0.9997594746702243
78) 6 -5.867 5.202 0.9999167400529372
78) 7 -6.0 5.069 0.9999998080299699
79) 0 0.0 6.0 -0.27941549819892586
79) 1 0.0 5.867 -0.4042743408450349
79) 2 0.0 5.734 -0.52199250994002
79) 3 0.0 5.601 -0.6304907564897794
79) 4 0.0 5.468 -0.7278526824417881
79) 5 0.0 5.335 -0.8123585899095102
79) 6 0.0 5.202 -0.8825158560935188
79) 7 0.0 5.069 -0.9370852973889082
79) 8 0.0 4.936 -0.9751030570113395
79) 9 0.0 4.803 -0.9958976295418899
79) 10 0.0 4.67 -0.9991017216871848
79) 11 0.133 4.67 -0.9991801706189987
79) 12 0.266 4.67 -0.9993938615462321
79) 13 0.399 4.67 -0.9996780745269619
79) 14 0.532 4.67 -0.9999257722864467
79) 15 0.665 4.67 -0.9999888568843497
79) 16 0.798 4.803 -0.9877863213104536
79) 17 0.798 4.67 -0.9996799530481664
79) 18 0.665 4.67 -0.9999888568843497
79) 19 0.798 4.803 -0.9877863213104536
79) 20 0.798 4.67 -0.9996799530481664
79) 21 0.665 4.67 -0.9999888568843497
79) 22 0.798 4.803 -0.9877863213104536
79) 23 0.798 4.67 -0.9996799530481664
79) 24 0.665 4.67 -0.9999888568843497
80) 0 -7.0 -9.0 -0.9186368297074818
80) 1 -6.867 -9.0 -0.9476466815958816
80) 2 -6.734 -9.0 -0.9701778182463217
80) 3 -6.601 -9.0 -0.986309363289468
80) 4 -6.468 -9.0 -0.996172391330827
80) 5 -6.335 -9.0 -0.9999455631996584
80) 6 -6.468 -9.133 -0.9808936065878866
80) 7 -6.335 -9.133 -0.9928735281868674
80) 8 -6.202 -9.133 -0.9990235857924862
80) 9 -6.069 -9.133 -0.9995508957373503
80) 10 -5.936 -9.265999999999998 -0.999961838578407
80) 11 -6.069 -9.398999999999997 -0.9815208473057617
80) 12 -5.936 -9.398999999999997 -0.9926934585496201
80) 13 -5.803 -9.398999999999997 -0.9987245682008183
80) 14 -5.67 -9.398999999999997 -0.9998237363932556
80) 15 -5.537 -9.265999999999998 -0.9798145882011019
80) 16 -5.537 -9.398999999999997 -0.9962281428321415
80) 17 -5.537 -9.531999999999996 -0.9996103042926903
80) 18 -5.67 -9.398999999999997 -0.9998237363932556
80) 19 -5.537 -9.265999999999998 -0.9798145882011019
80) 20 -5.537 -9.398999999999997 -0.9962281428321415
80) 21 -5.537 -9.531999999999996 -0.9996103042926903
80) 22 -5.67 -9.398999999999997 -0.9998237363932556
80) 23 -5.537 -9.265999999999998 -0.9798145882011019
80) 24 -5.537 -9.398999999999997 -0.9962281428321415
81) 0 3.0 -7.0 0.9717622535057333
81) 1 3.133 -7.133 0.9979998930429005
81) 2 3.0 -7.266 0.9999756229413937
82) 0 -2.0 -6.0 0.04135821352247398
82) 1 -2.133 -6.133 0.2086046884513766
82) 2 -2.266 -6.266 0.3708837835439846
82) 3 -2.399 -6.399 0.5233096553516878
82) 4 -2.532 -6.532 0.6611776009580063
82) 5 -2.665 -6.665 0.7801265372353555
82) 6 -2.798 -6.798 0.8762936432873941
82) 7 -2.931 -6.931 0.9464554713431681
82) 8 -3.064 -7.064 0.9881502204397414
82) 9 -3.197 -7.197 0.9997764548320323
83) 0 5.0 -6.0 0.9990439103118804
83) 1 4.867 -6.133 0.9997008206677722
83) 2 4.734 -6.266 0.9999997312571713
84) 0 0.0 -8.0 0.9893582466233818
84) 1 0.0 -7.867 0.999915262269787
85) 0 3.0 0.0 0.1411200080598672
85) 1 2.867 0.0 0.271154873988568
85) 2 2.734 0.0 0.3964003475633013
85) 3 2.601 0.0 0.5146442254602457
85) 4 2.468 0.0 0.6237979731221098
85) 5 2.335 0.0 0.7219336144193528
85) 6 2.202 0.0 0.8073177853774789
85) 7 2.069 0.0 0.8784423504814541
85) 8 1.936 0.0 0.9340510407832876
85) 9 1.803 0.0 0.9731616433054727
85) 10 1.67 0.0 0.9950833498101802
85) 11 1.537 0.133 0.9996065497417973
85) 12 1.537 0.266 0.9999400649206346
86) 0 -2.0 -4.0 -0.9712777989606532
86) 1 -2.0 -4.133 -0.9926994150488267
86) 2 -2.0 -4.266 -0.9999996527233851
86) 3 -1.867 -4.133 -0.9843302121118974
86) 4 -1.867 -4.266 -0.9984473188059153
86) 5 -1.734 -4.399 -0.9998715037471797
86) 6 -1.867 -4.532 -0.9821715327697134
86) 7 -1.734 -4.532 -0.9902145412691113
86) 8 -1.601 -4.532 -0.9955769490295134
86) 9 -1.468 -4.532 -0.9986773550412444
86) 10 -1.335 -4.532 -0.9999262148283613
86) 11 -1.468 -4.665 -0.9841754333714678
86) 12 -1.335 -4.665 -0.9902336574250996
86) 13 -1.202 -4.665 -0.994494820669756
86) 14 -1.069 -4.665 -0.9972981520092807
86) 15 -0.9359999999999999 -4.665 -0.9989611617561364
86) 16 -0.8029999999999999 -4.665 -0.9997749090243204
86) 17 -0.6699999999999999 -4.665 -0.9999998852592011
86) 18 -0.8029999999999999 -4.798 -0.9884182968583328
86) 19 -0.6699999999999999 -4.798 -0.9912789022351788
86) 20 -0.5369999999999999 -4.798 -0.9933293954604053
86) 21 -0.4039999999999999 -4.798 -0.9947422871796537
86) 22 -0.2709999999999999 -4.798 -0.9956546030734668
86) 23 -0.1379999999999999 -4.798 -0.9961659941138298
86) 24 -0.004999999999999893 -4.798 -0.9963373915882343
87) 0 -1.0 6.0 -0.19908366251892284
87) 1 -1.0 5.867 -0.3255307558597626
87) 2 -1.0 5.734 -0.4463114956206333
87) 3 -1.0 5.601 -0.5593619076384542
87) 4 -1.0 5.468 -0.6627583042731371
87) 5 -1.0 5.335 -0.7547504595455555
87) 6 -1.0 5.202 -0.8337916138709114
87) 7 -1.0 5.069 -0.8985647803107767
87) 8 -1.0 4.936 -0.9480048902551333
87) 9 -1.0 4.803 -0.9813163904681964
87) 10 -1.0 4.67 -0.997985984146498
87) 11 -0.867 4.67 -0.9993003328866126
87) 12 -0.734 4.67 -0.9998883738686177
87) 13 -0.601 4.67 -0.9999924910021017
87) 14 -0.46799999999999997 4.537 -0.9885736647750494
87) 15 -0.33499999999999996 4.67 -0.9995382937140402
87) 16 -0.46799999999999997 4.67 -0.999819553757473
87) 17 -0.601 4.67 -0.9999924910021017
87) 18 -0.46799999999999997 4.537 -0.9885736647750494
87) 19 -0.33499999999999996 4.67 -0.9995382937140402
87) 20 -0.46799999999999997 4.67 -0.999819553757473
87) 21 -0.601 4.67 -0.9999924910021017
87) 22 -0.46799999999999997 4.537 -0.9885736647750494
87) 23 -0.33499999999999996 4.67 -0.9995382937140402
87) 24 -0.46799999999999997 4.67 -0.999819553757473
88) 0 -7.0 -8.0 -0.9339707316330099
88) 1 -7.0 -8.133 -0.9650981688519943
88) 2 -7.0 -8.265999999999998 -0.9866103950945913
88) 3 -7.0 -8.398999999999997 -0.9980790527790956
88) 4 -7.0 -8.531999999999996 -0.9991798250745794
88) 5 -7.133 -8.398999999999997 -0.9997207957333581
88) 6 -7.266 -8.265999999999998 -0.9999505230430998
88) 7 -7.399 -8.133 -0.9999998569134108
88) 8 -7.266 -7.999999999999999 -0.9823028985846982
88) 9 -7.266 -8.133 -0.9959893014623509
88) 10 -7.266 -8.265999999999998 -0.9999505230430998
88) 11 -7.399 -8.133 -0.9999998569134108
88) 12 -7.266 -7.999999999999999 -0.9823028985846982
88) 13 -7.266 -8.133 -0.9959893014623509
88) 14 -7.266 -8.265999999999998 -0.9999505230430998
88) 15 -7.399 -8.133 -0.9999998569134108
88) 16 -7.266 -7.999999999999999 -0.9823028985846982
88) 17 -7.266 -8.133 -0.9959893014623509
88) 18 -7.266 -8.265999999999998 -0.9999505230430998
88) 19 -7.399 -8.133 -0.9999998569134108
88) 20 -7.266 -7.999999999999999 -0.9823028985846982
88) 21 -7.266 -8.133 -0.9959893014623509
88) 22 -7.266 -8.265999999999998 -0.9999505230430998
88) 23 -7.399 -8.133 -0.9999998569134108
88) 24 -7.266 -7.999999999999999 -0.9823028985846982
89) 0 0.0 -10.0 -0.5440211108893698
89) 1 0.0 -10.133 -0.6504844037973154
90) 0 -3.0 -4.0 -0.9589242746631385
90) 1 -2.867 -4.0 -0.9782469055809607
90) 2 -2.734 -4.0 -0.9912100594268534
90) 3 -2.601 -4.0 -0.9982658812076486
90) 4 -2.468 -4.0 -0.9999246011890585
90) 5 -2.335 -3.867 -0.9810285941468484
90) 6 -2.335 -4.0 -0.9967427555301948
90) 7 -2.335 -4.133 -0.9994014446607745
90) 8 -2.202 -4.133 -0.999568187547808
90) 9 -2.069 -4.266 -0.9995833505195845
90) 10 -1.936 -4.266 -0.9996179775463324
90) 11 -1.803 -4.133 -0.9794193905672546
90) 12 -1.803 -4.266 -0.9967195556805257
90) 13 -1.803 -4.399 -0.9991278377196817
90) 14 -1.67 -4.399 -0.999975063436959
90) 15 -1.537 -4.266 -0.9842084042302451
90) 16 -1.537 -4.399 -0.9986165815661054
90) 17 -1.404 -4.532 -0.9994846216829506
90) 18 -1.271 -4.532 -0.999984676403511
90) 19 -1.138 -4.399 -0.9858248419831982
90) 20 -1.138 -4.532 -0.9992122525402289
90) 21 -1.271 -4.532 -0.999984676403511
90) 22 -1.138 -4.399 -0.9858248419831982
90) 23 -1.138 -4.532 -0.9992122525402289
90) 24 -1.271 -4.532 -0.999984676403511
91) 0 3.0 -1.0 -0.020683531529582487
91) 1 2.867 -0.867 0.14584473679481352
91) 2 2.734 -0.734 0.30579939279686785
91) 3 2.601 -0.601 0.45472238563297945
91) 4 2.468 -0.46799999999999997 0.5888310065195611
91) 5 2.335 -0.33499999999999996 0.7051849810926119
91) 6 2.202 -0.20199999999999996 0.8018272519030399
91) 7 2.069 -0.06899999999999995 0.8778921310850526
91) 8 1.936 0.06400000000000006 0.933672821166977
91) 9 1.803 0.06400000000000006 0.9728997055021533
91) 10 1.67 0.06400000000000006 0.9949611879778507
91) 11 1.537 0.19700000000000006 0.9997748040456622
91) 12 1.537 0.33000000000000007 0.9999992426782714
92) 0 4.0 4.0 -0.586176193003373
92) 1 4.0 3.867 -0.6590698702102644
92) 2 4.0 3.734 -0.7251056946949304
92) 3 4.0 3.601 -0.7839895180009427
92) 4 4.0 3.468 -0.8355481773172855
92) 5 4.0 3.335 -0.8797257262235797
92) 6 4.0 3.202 -0.9165778510825086
92) 7 4.0 3.069 -0.946264669154774
92) 8 4.0 2.936 -0.9690421294731427
92) 9 4.0 2.803 -0.9852522568552328
92) 10 4.0 2.67 -0.9953124927539863
92) 11 4.0 2.537 -0.99970439365343
92) 12 3.867 2.67 -0.9999131786518664
92) 13 3.734 2.537 -0.9804492551416765
92) 14 3.867 2.537 -0.9961786606866292
92) 15 4.0 2.537 -0.99970439365343
92) 16 3.867 2.67 -0.9999131786518664
92) 17 3.734 2.537 -0.9804492551416765
92) 18 3.867 2.537 -0.9961786606866292
92) 19 4.0 2.537 -0.99970439365343
92) 20 3.867 2.67 -0.9999131786518664
92) 21 3.734 2.537 -0.9804492551416765
92) 22 3.867 2.537 -0.9961786606866292
92) 23 4.0 2.537 -0.99970439365343
92) 24 3.867 2.67 -0.9999131786518664
93) 0 -3.0 -5.0 -0.43697551727207756
93) 1 -2.867 -5.0 -0.4964747306449385
93) 2 -2.734 -5.0 -0.5518013528464424
93) 3 -2.601 -5.0 -0.602893382256955
93) 4 -2.468 -5.0 -0.6497478961319498
93) 5 -2.335 -5.0 -0.6924156803784842
93) 6 -2.202 -5.0 -0.7309953205969166
93) 7 -2.069 -5.0 -0.7656268938330602
93) 8 -1.936 -5.0 -0.7964853971764011
93) 9 -1.803 -5.0 -0.8237740432561307
93) 10 -1.67 -5.0 -0.8477175441962771
93) 11 -1.537 -5.0 -0.8685554951259119
93) 12 -1.404 -5.0 -0.8865359563813728
93) 13 -1.271 -5.0 -0.9019093205990756
93) 14 -1.138 -5.0 -0.9149225375078056
93) 15 -1.005 -5.0 -0.9258137559091382
93) 16 -0.8719999999999999 -5.0 -0.9348074295750043
93) 17 -0.7389999999999999 -5.0 -0.9421099220314937
93) 18 -0.6059999999999999 -5.0 -0.9479056348035508
93) 19 -0.47299999999999986 -5.0 -0.9523536749399346
93) 20 -0.33999999999999986 -5.0 -0.9555850706882245
93) 21 -0.20699999999999985 -5.0 -0.9577005390957928
93) 22 -0.07399999999999984 -5.0 -0.9587688060047364
93) 23 0.05900000000000016 -5.0 -0.9588254772012575
93) 24 0.19200000000000017 -4.867 -0.9874814516138073
94) 0 3.0 -10.0 -0.8497593056327711
94) 1 3.0 -10.133 -0.9098774381041453
94) 2 3.0 -10.265999999999998 -0.9552735621364223
94) 3 3.0 -10.398999999999997 -0.985160824601826
94) 4 3.0 -10.531999999999996 -0.9990039274349356
94) 5 3.0 -10.664999999999996 -0.9965296705184917
94) 6 3.0 -10.797999999999995 -0.9777331382698612
94) 7 3.0 -10.930999999999994 -0.9428793907594922
94) 8 3.0 -11.063999999999993 -0.8925005971200651
94) 9 3.0 -11.196999999999992 -0.8273886275610142
94) 10 3.0 -11.329999999999991 -0.7485831991140142
94) 11 3.0 -11.46299999999999 -0.6573557479148379
94) 12 3.0 -11.59599999999999 -0.5551892760015429
94) 13 3.0 -11.728999999999989 -0.4437544919407391
94) 14 3.0 -11.861999999999988 -0.3248826308056141
94) 15 3.0 -11.994999999999987 -0.20053539892768726
94) 16 3.0 -12.127999999999986 -0.07277254134016403
94) 17 3.0 -12.260999999999985 0.056282426039591923
94) 18 3.133 -12.260999999999985 0.08846558157169013
94) 19 3.266 -12.260999999999985 0.12185904669925678
94) 20 3.399 -12.260999999999985 0.15640092253849283
94) 21 3.532 -12.260999999999985 0.19201967002405318
94) 22 3.665 -12.260999999999985 0.22863353792317495
94) 23 3.798 -12.260999999999985 0.2661500372564361
94) 24 3.931 -12.260999999999985 0.30446547214690595
95) 0 3.0 -2.0 -0.44749175223692067
95) 1 3.0 -2.133 -0.5136191858985507
95) 2 3.0 -2.266 -0.5794299892844288
95) 3 3.0 -2.399 -0.6439555174857977
95) 4 3.0 -2.532 -0.7061847456159976
95) 5 3.0 -2.665 -0.7650797224237659
95) 6 3.0 -2.798 -0.8195927606279195
95) 7 3.0 -2.931 -0.8686849819962305
95) 8 3.0 -3.064 -0.9113458014577566
95) 9 3.0 -3.197 -0.9466129113577685
95) 10 3.0 -3.33 -0.9735923139406032
95) 11 3.0 -3.463 -0.9914779468876174
95) 12 3.0 -3.596 -0.9995704528473351
95) 13 2.867 -3.729 -0.999962561030209
95) 14 2.734 -3.596 -0.9810298386836357
95) 15 2.734 -3.729 -0.9960849745841732
95) 16 2.734 -3.862 -0.9998118811509439
95) 17 2.867 -3.729 -0.999962561030209
95) 18 2.734 -3.596 -0.9810298386836357
95) 19 2.734 -3.729 -0.9960849745841732
95) 20 2.734 -3.862 -0.9998118811509439
95) 21 2.867 -3.729 -0.999962561030209
95) 22 2.734 -3.596 -0.9810298386836357
95) 23 2.734 -3.729 -0.9960849745841732
95) 24 2.734 -3.862 -0.9998118811509439
96) 0 6.0 -10.0 -0.786095708473608
96) 1 6.0 -10.133 -0.7105091257634281
96) 2 6.0 -10.265999999999998 -0.625354793755136
96) 3 6.0 -10.398999999999997 -0.5316707186472239
96) 4 6.0 -10.531999999999996 -0.4306292004998615
96) 5 6.0 -10.664999999999996 -0.32352269950497375
96) 6 6.0 -10.797999999999995 -0.2117475606532635
96) 7 6.0 -10.930999999999994 -0.09678580062157653
96) 8 6.0 -11.063999999999993 0.01981480278896785
96) 9 6.133 -11.063999999999993 0.08366132423544902
96) 10 6.266 -11.063999999999993 0.14822382075073673
96) 11 6.399 -11.063999999999993 0.213189283603221
96) 12 6.532 -11.063999999999993 0.27822085913164857
96) 13 6.665 -11.063999999999993 0.342959303039946
96) 14 6.798 -11.063999999999993 0.40702478061154235
96) 15 6.931 -11.063999999999993 0.4700190182497182
96) 16 7.064 -11.063999999999993 0.5315278075714559
96) 17 7.197 -11.063999999999993 0.5911238587496587
96) 18 7.33 -11.063999999999993 0.6483699949540004
96) 19 7.463 -11.063999999999993 0.7028226746343655
96) 20 7.596 -11.063999999999993 0.7540358230810776
96) 21 7.729 -11.063999999999993 0.8015649492490428
96) 22 7.862 -11.063999999999993 0.8449715183215065
96) 23 7.995 -11.063999999999993 0.8838275449931384
96) 24 8.128 -11.063999999999993 0.917720367056544
97) 0 -9.0 6.0 -0.9840363888387289
97) 1 -9.133 6.0 -0.997688297486515
97) 2 -9.265999999999998 6.0 -0.9990587555413308
97) 3 -9.265999999999998 5.867 -0.9995987294662327
97) 4 -9.398999999999997 5.734 -0.9998960448724287
97) 5 -9.531999999999996 5.867 -0.9805969760400863
97) 6 -9.531999999999996 5.734 -0.9917969292749564
97) 7 -9.531999999999996 5.601 -0.9981883097557641
97) 8 -9.531999999999996 5.468 -0.9999783676074675
97) 9 -9.398999999999997 5.335 -0.9823779481859181
97) 10 -9.531999999999996 5.335 -0.9973984853907751
97) 11 -9.664999999999996 5.335 -0.9990276694718814
97) 12 -9.664999999999996 5.202 -0.9998088334446467
97) 13 -9.531999999999996 5.069 -0.9801526167172749
97) 14 -9.664999999999996 5.069 -0.9966431933868558
97) 15 -9.797999999999995 5.069 -0.9993521780715984
97) 16 -9.797999999999995 4.936 -0.9997003687564519
97) 17 -9.664999999999996 4.803 -0.9794789941073362
97) 18 -9.797999999999995 4.803 -0.9965015456001397
97) 19 -9.930999999999994 4.803 -0.9993554282276262
97) 20 -9.930999999999994 4.67 -0.9997721579864199
97) 21 -10.063999999999993 4.67 -0.9950882672639453
97) 22 -10.063999999999993 4.537 -0.9990395836376382
97) 23 -10.063999999999993 4.404 -0.9999483806752901
97) 24 -10.196999999999992 4.404 -0.9937555738577559
98) 0 9.0 -4.0 -0.41148230684214054
98) 1 9.0 -4.133 -0.4607517561762004
98) 2 9.0 -4.266 -0.5099092288461352
98) 3 9.0 -4.399 -0.5586578529264837
98) 4 9.0 -4.532 -0.6066815130490579
98) 5 9.0 -4.665 -0.6536462863536585
98) 6 9.0 -4.798 -0.6992022368359385
98) 7 9.0 -4.931 -0.7429855749489673
98) 8 9.0 -5.064 -0.7846211844624613
98) 9 9.0 -5.197 -0.8237255132663666
98) 10 9.0 -5.33 -0.8599098190770277
98) 11 9.0 -5.463 -0.8927837549305538
98) 12 9.0 -5.596 -0.9219592730070113
98) 13 9.0 -5.729 -0.9470548188099598
98) 14 9.0 -5.862 -0.9676997811283284
98) 15 9.0 -5.995 -0.9835391566404283
98) 16 9.0 -6.128 -0.9942383815997236
98) 17 9.0 -6.261 -0.9994882768912715
98) 18 9.133 -6.128 -0.9999961008466697
98) 19 9.265999999999998 -6.261 -0.9824922560247432
98) 20 9.133 -6.261 -0.9970024463979157
98) 21 9.0 -6.261 -0.9994882768912715
98) 22 9.133 -6.128 -0.9999961008466697
98) 23 9.265999999999998 -6.261 -0.9824922560247432
98) 24 9.133 -6.261 -0.9970024463979157
99) 0 9.0 4.0 -0.41148230684214054
99) 1 9.133 4.0 -0.519070485226868
99) 2 9.265999999999998 4.0 -0.6192066330096389
99) 3 9.398999999999997 4.0 -0.7103364667801646
99) 4 9.531999999999996 4.0 -0.7910270054677381
99) 5 9.664999999999996 4.0 -0.859990938279571
99) 6 9.797999999999995 4.0 -0.9161089829344053
99) 7 9.930999999999994 4.0 -0.9584498274968046
99) 8 10.063999999999993 4.0 -0.9862872846057245
99) 9 10.196999999999992 4.0 -0.9991143293516072
99) 10 10.329999999999991 4.0 -0.9966537408260344
99) 11 10.329999999999991 3.867 -0.9994048555146199
99) 12 10.329999999999991 3.734 -0.9999347980119806
99) 13 10.46299999999999 3.734 -0.9935372429582487
99) 14 10.46299999999999 3.601 -0.9975679244056141
99) 15 10.46299999999999 3.468 -0.9996303001584281
99) 16 10.46299999999999 3.335 -0.9999030315880052
99) 17 10.59599999999999 3.335 -0.9936374150569178
99) 18 10.59599999999999 3.202 -0.9972880883098357
99) 19 10.59599999999999 3.069 -0.9993547658244945
99) 20 10.59599999999999 2.936 -0.9999999442678407
99) 21 10.728999999999989 2.936 -0.9918327599791982
99) 22 10.728999999999989 2.803 -0.9956291893687107
99) 23 10.728999999999989 2.67 -0.9981606794498795
99) 24 10.728999999999989 2.537 -0.9995708429117589
END
TOTAL TIME: 128337909
POINT TIME: 73506226
BEST: 9.0 4.0 -0.41148230684214054
