-10
10
-10
10
0
0
0
0) 0 5.0 0.0 -0.9589242746631385
0) 1 5.733 0.733 -0.4825080961321493
0) 2 6.465999999999999 1.466 0.34000402512055133
0) 3 7.198999999999999 2.199 0.9471328173481207
0) 4 7.198999999999999 2.932 0.9967367924865841
1) 0 -10.0 7.0 -0.35210108504889737
1) 1 -10.0 7.733 0.07473399529310185
1) 2 -10.0 8.466 0.5107351834949847
1) 3 -10.0 9.199 0.8527263325162832
1) 4 -10.0 9.932 0.9990742423332518
2) 0 8.0 -8.0 -0.949820680215173
2) 1 7.267 -8.0 -0.982428608564585
2) 2 6.534000000000001 -8.733 -0.9960627953216028
2) 3 5.801000000000001 -8.0 -0.44135173100478997
2) 4 5.068000000000001 -7.267 0.53549934605698
2) 5 4.335000000000002 -6.534000000000001 0.9999190994474496
3) 0 -1.0 -4.0 -0.8313391791635062
3) 1 -1.0 -4.733 -0.9921853319538029
3) 2 -0.267 -4.733 -0.9996042061619907
3) 3 -1.0 -5.465999999999999 -0.6642302445811088
3) 4 -1.733 -6.198999999999999 0.15289577909213417
3) 5 -2.466 -6.931999999999999 0.8792954400963778
3) 6 -1.733 -7.664999999999998 0.999989937791639
4) 0 7.0 -6.0 0.2037957684966491
4) 1 6.267 -5.267 0.9452672228456307
4) 2 6.267 -4.534000000000001 0.9929470555204232
4) 3 7.0 -3.8010000000000006 0.9937993655941219
5) 0 0.0 -9.0 0.4121184852417566
5) 1 0.0 -8.267 0.9159134980636485
5) 2 0.733 -7.534 0.9598279296924238
5) 3 1.466 -7.534 0.984079812579312
5) 4 2.199 -7.534 0.9999841994847755
6) 0 -1.0 3.0 -0.020683531529582487
6) 1 -0.267 2.267 0.757139841483701
6) 2 -0.267 1.5339999999999998 0.9999056985296105
7) 0 -8.0 8.0 -0.949820680215173
7) 1 -8.0 7.267 -0.982428608564585
7) 2 -8.733 6.534000000000001 -0.9960627953216028
7) 3 -8.0 5.801000000000001 -0.44135173100478997
7) 4 -7.267 5.068000000000001 0.53549934605698
7) 5 -6.534000000000001 4.335000000000002 0.9999190994474496
8) 0 -3.0 -2.0 -0.44749175223692067
8) 1 -2.267 -1.267 0.5180418837611529
8) 2 -1.5339999999999998 -0.5339999999999999 0.9985696534420921
8) 3 -1.5339999999999998 0.19900000000000007 0.9997133938844357
9) 0 9.0 1.0 0.36104927727853203
9) 1 8.267 0.267 0.9141748493842166
9) 2 7.534 1.0 0.9679387781088995
9) 3 7.534 1.733 0.9924161843371087
9) 4 7.534 2.466 0.9973123648582933
10) 0 0.0 -6.0 -0.27941549819892586
10) 1 0.733 -6.733 0.47027012776117993
10) 2 1.466 -7.465999999999999 0.970036992107538
10) 3 2.199 -7.465999999999999 0.9974894553540649
11) 0 8.0 -2.0 0.9240590869570797
11) 1 7.267 -2.733 0.9959479110983445
12) 0 4.0 3.0 -0.9589242746631385
12) 1 4.0 2.267 -0.9934359455693715
12) 2 3.267 1.5339999999999998 -0.45076666099728635
12) 3 2.534 0.8009999999999998 0.4653303979299579
12) 4 1.8009999999999997 0.06799999999999984 0.9733263281784692
13) 0 -3.0 4.0 -0.9589242746631385
13) 1 -3.0 3.267 -0.9618990928538954
13) 2 -2.267 4.0 -0.9934359455693715
13) 3 -1.5339999999999998 3.267 -0.45076666099728635
13) 4 -0.8009999999999998 2.534 0.4653303979299579
13) 5 -0.06799999999999984 1.8009999999999997 0.9733263281784692
14) 0 -2.0 -8.0 0.9240590869570797
14) 1 -2.733 -7.267 0.9959479110983445
15) 0 9.0 0.0 0.4121184852417566
15) 1 8.267 0.0 0.9159134980636485
15) 2 7.534 0.733 0.9598279296924238
15) 3 7.534 1.466 0.984079812579312
15) 4 7.534 2.199 0.9999841994847755
16) 0 1.0 -5.0 -0.9261848392897116
16) 1 1.733 -4.267 -0.9942922046859989
16) 2 1.0 -3.5340000000000003 -0.5065390154025531
16) 3 0.267 -2.801 0.3220516474806892
16) 4 0.267 -2.068 0.8706035083976601
16) 5 1.0 -1.335 0.9952794124933162
17) 0 -3.0 -10.0 -0.8497593056327711
17) 1 -3.0 -10.733 -0.9889482899849295
17) 2 -3.0 -11.466000000000001 -0.655165882366532
17) 3 -3.0 -12.199000000000002 -0.0039026542445309057
17) 4 -3.733 -12.199000000000002 0.18985561980688037
17) 5 -4.466 -12.199000000000002 0.41179638603517005
17) 6 -5.199 -12.199000000000002 0.639842338200854
17) 7 -5.9319999999999995 -12.199000000000002 0.8406298445958309
17) 8 -6.664999999999999 -12.199000000000002 0.9722421755667061
17) 9 -7.397999999999999 -12.199000000000002 0.9915893461274765
18) 0 7.0 2.0 0.8398053526495963
18) 1 7.733 1.267 0.9998402587822278
19) 0 -3.0 4.0 -0.9589242746631385
19) 1 -3.0 3.267 -0.9618990928538954
19) 2 -2.267 4.0 -0.9934359455693715
19) 3 -1.5339999999999998 3.267 -0.45076666099728635
19) 4 -0.8009999999999998 2.534 0.4653303979299579
19) 5 -0.06799999999999984 1.8009999999999997 0.9733263281784692
20) 0 0.0 -6.0 -0.27941549819892586
20) 1 0.733 -6.733 0.47027012776117993
20) 2 1.466 -7.465999999999999 0.970036992107538
20) 3 2.199 -7.465999999999999 0.9974894553540649
21) 0 8.0 1.0 0.9783888223346213
21) 1 8.0 0.267 0.988700329794683
22) 0 9.0 0.0 0.4121184852417566
22) 1 8.267 0.0 0.9159134980636485
22) 2 7.534 0.733 0.9598279296924238
22) 3 7.534 1.466 0.984079812579312
22) 4 7.534 2.199 0.9999841994847755
23) 0 9.0 -2.0 0.2037957684966491
23) 1 8.267 -1.267 0.8729665308651438
23) 2 7.534 -2.0 0.9982578002863839
24) 0 1.0 -10.0 -0.5851764690934534
24) 1 0.267 -9.267 0.15332517904571227
24) 2 0.267 -8.533999999999999 0.7749286617086681
24) 3 1.0 -7.800999999999999 0.9999411225171709
25) 0 -7.0 -9.0 -0.9186368297074818
25) 1 -6.267 -9.0 -0.9995920432924422
25) 2 -5.534000000000001 -8.267 -0.4999236231974381
25) 3 -4.801000000000001 -7.534 0.4715885149984525
25) 4 -4.068000000000001 -6.801 0.9974944542581101
26) 0 1.0 3.0 -0.020683531529582487
26) 1 0.267 2.267 0.757139841483701
26) 2 0.267 1.5339999999999998 0.9999056985296105
27) 0 -4.0 -8.0 0.4622279808582701
27) 1 -3.267 -7.267 0.9935528845757503
28) 0 2.0 1.0 0.786749131547214
28) 1 1.267 1.0 0.9990629421616589
29) 0 7.0 9.0 -0.9186368297074818
29) 1 7.0 8.267 -0.9867345730230243
29) 2 6.267 9.0 -0.9995920432924422
29) 3 5.534000000000001 8.267 -0.4999236231974381
29) 4 4.801000000000001 7.534 0.4715885149984525
29) 5 4.068000000000001 6.801 0.9974944542581101
30) 0 -2.0 1.0 0.786749131547214
30) 1 -1.267 1.0 0.9990629421616589
31) 0 -5.0 -8.0 -0.009203041372185148
31) 1 -4.267 -7.267 0.8401959812676132
31) 2 -4.267 -6.534000000000001 0.9987448610077386
32) 0 5.0 7.0 0.7328169085463447
32) 1 5.0 6.267 0.9867115232332527
32) 2 5.733 5.534000000000001 0.9934824989021975
33) 0 1.0 -10.0 -0.5851764690934534
33) 1 0.267 -9.267 0.15332517904571227
33) 2 0.267 -8.533999999999999 0.7749286617086681
33) 3 1.0 -7.800999999999999 0.9999411225171709
34) 0 -8.0 -10.0 0.2375839859261567
34) 1 -8.733 -10.0 0.6519272247372729
34) 2 -9.466000000000001 -10.0 0.9332471026983984
35) 0 3.0 -7.0 0.9717622535057333
35) 1 3.733 -7.0 0.9968657271426321
36) 0 0.0 -1.0 0.8414709848078965
36) 1 0.0 -1.733 0.9868738013232312
37) 0 8.0 -4.0 0.4622279808582701
37) 1 7.267 -3.267 0.9935528845757503
38) 0 4.0 -3.0 -0.9589242746631385
38) 1 3.267 -3.0 -0.9618990928538954
38) 2 3.267 -3.733 -0.9693280698648559
38) 3 2.534 -3.733 -0.9799517306919349
38) 4 1.8009999999999997 -4.466 -0.9946917937478308
38) 5 2.534 -5.199 -0.47900632196737986
38) 6 3.267 -5.9319999999999995 0.469705461600212
38) 7 4.0 -6.664999999999999 0.9967367924865841
39) 0 5.0 2.0 -0.7820948988254615
39) 1 5.733 2.733 0.06787088432476894
39) 2 6.465999999999999 3.466 0.8690030041700909
39) 3 7.198999999999999 3.466 0.9907751478872655
40) 0 -2.0 5.0 -0.7820948988254615
40) 1 -2.733 5.733 0.06787088432476894
40) 2 -3.466 6.465999999999999 0.8690030041700909
40) 3 -3.466 7.198999999999999 0.9907751478872655
41) 0 -2.0 9.0 0.2037957684966491
41) 1 -1.267 8.267 0.8729665308651438
41) 2 -2.0 7.534 0.9982578002863839
42) 0 -6.0 0.0 -0.27941549819892586
42) 1 -6.733 0.733 0.47027012776117993
42) 2 -7.465999999999999 1.466 0.970036992107538
42) 3 -7.465999999999999 2.199 0.9974894553540649
43) 0 4.0 -10.0 -0.9747394897226348
43) 1 4.0 -10.733 -0.8966889845724864
43) 2 4.0 -11.466000000000001 -0.41020853257987927
43) 3 4.0 -12.199000000000002 0.2683523490349475
43) 4 4.733 -12.199000000000002 0.4956791084371263
43) 5 5.465999999999999 -12.199000000000002 0.7182127787681679
43) 6 6.198999999999999 -12.199000000000002 0.8989265914176511
43) 7 6.931999999999999 -12.199000000000002 0.9943668022269918
44) 0 6.0 5.0 0.9990439103118804
45) 0 -8.0 -1.0 0.9783888223346213
45) 1 -8.0 -0.267 0.988700329794683
46) 0 7.0 -7.0 -0.4570867375418006
46) 1 6.267 -6.267 0.5327963475633739
46) 2 5.534000000000001 -5.534000000000001 0.999615720631046
47) 0 -2.0 -1.0 0.786749131547214
47) 1 -1.267 -1.0 0.9990629421616589
48) 0 4.0 5.0 0.11965157649377203
48) 1 4.733 5.733 0.9132121752361222
48) 2 5.465999999999999 5.733 0.9977457832839659
49) 0 6.0 6.0 0.8072610908541349
49) 1 6.0 5.267 0.9915835864360791
50) 0 -4.0 -1.0 -0.8313391791635062
50) 1 -4.0 -1.733 -0.9383007985064327
50) 2 -4.0 -2.466 -0.9999111578567661
50) 3 -3.267 -1.733 -0.5282966224861632
50) 4 -2.534 -1.0 0.4053967262734959
50) 5 -1.8009999999999997 -0.267 0.9689402211661544
50) 6 -1.0679999999999996 -1.0 0.9942049720280928
51) 0 4.0 5.0 0.11965157649377203
51) 1 4.733 5.733 0.9132121752361222
51) 2 5.465999999999999 5.733 0.9977457832839659
52) 0 6.0 1.0 -0.19908366251892284
52) 1 6.733 1.733 0.6204104282231928
52) 2 7.465999999999999 2.466 0.9999618506111997
53) 0 -2.0 8.0 0.9240590869570797
53) 1 -2.733 7.267 0.9959479110983445
54) 0 1.0 3.0 -0.020683531529582487
54) 1 0.267 2.267 0.757139841483701
54) 2 0.267 1.5339999999999998 0.9999056985296105
55) 0 8.0 -2.0 0.9240590869570797
55) 1 7.267 -2.733 0.9959479110983445
56) 0 4.0 -6.0 0.8003730606575937
56) 1 4.0 -6.733 0.999748584094609
57) 0 -10.0 -6.0 -0.786095708473608
57) 1 -9.267 -6.0 -0.9990219923904119
57) 2 -10.0 -6.0 -0.786095708473608
57) 3 -9.267 -6.0 -0.9990219923904119
57) 4 -10.0 -6.0 -0.786095708473608
57) 5 -9.267 -6.0 -0.9990219923904119
57) 6 -10.0 -6.0 -0.786095708473608
57) 7 -9.267 -6.0 -0.9990219923904119
57) 8 -10.0 -6.0 -0.786095708473608
57) 9 -9.267 -6.0 -0.9990219923904119
57) 10 -10.0 -6.0 -0.786095708473608
57) 11 -9.267 -6.0 -0.9990219923904119
57) 12 -10.0 -6.0 -0.786095708473608
57) 13 -9.267 -6.0 -0.9990219923904119
57) 14 -10.0 -6.0 -0.786095708473608
57) 15 -9.267 -6.0 -0.9990219923904119
57) 16 -10.0 -6.0 -0.786095708473608
57) 17 -9.267 -6.0 -0.9990219923904119
57) 18 -10.0 -6.0 -0.786095708473608
57) 19 -9.267 -6.0 -0.9990219923904119
57) 20 -10.0 -6.0 -0.786095708473608
57) 21 -9.267 -6.0 -0.9990219923904119
57) 22 -10.0 -6.0 -0.786095708473608
57) 23 -9.267 -6.0 -0.9990219923904119
57) 24 -10.0 -6.0 -0.786095708473608
57) 25 -9.267 -6.0 -0.9990219923904119
57) 26 -10.0 -6.0 -0.786095708473608
57) 27 -9.267 -6.0 -0.9990219923904119
57) 28 -10.0 -6.0 -0.786095708473608
57) 29 -9.267 -6.0 -0.9990219923904119
57) 30 -10.0 -6.0 -0.786095708473608
57) 31 -9.267 -6.0 -0.9990219923904119
57) 32 -10.0 -6.0 -0.786095708473608
57) 33 -9.267 -6.0 -0.9990219923904119
57) 34 -10.0 -6.0 -0.786095708473608
57) 35 -9.267 -6.0 -0.9990219923904119
57) 36 -10.0 -6.0 -0.786095708473608
57) 37 -9.267 -6.0 -0.9990219923904119
57) 38 -10.0 -6.0 -0.786095708473608
57) 39 -9.267 -6.0 -0.9990219923904119
57) 40 -10.0 -6.0 -0.786095708473608
57) 41 -9.267 -6.0 -0.9990219923904119
57) 42 -10.0 -6.0 -0.786095708473608
57) 43 -9.267 -6.0 -0.9990219923904119
57) 44 -10.0 -6.0 -0.786095708473608
57) 45 -9.267 -6.0 -0.9990219923904119
57) 46 -10.0 -6.0 -0.786095708473608
57) 47 -9.267 -6.0 -0.9990219923904119
57) 48 -10.0 -6.0 -0.786095708473608
57) 49 -9.267 -6.0 -0.9990219923904119
58) 0 9.0 7.0 -0.9186368297074818
58) 1 9.0 6.267 -0.9995920432924422
58) 2 8.267 5.534000000000001 -0.4999236231974381
58) 3 7.534 4.801000000000001 0.4715885149984525
58) 4 6.801 4.068000000000001 0.9974944542581101
59) 0 5.0 -3.0 -0.43697551727207756
59) 1 5.733 -3.733 0.5295378446899757
59) 2 6.465999999999999 -4.466 0.9999902779502551
60) 0 4.0 -3.0 -0.9589242746631385
60) 1 3.267 -3.0 -0.9618990928538954
60) 2 3.267 -3.733 -0.9693280698648559
60) 3 2.534 -3.733 -0.9799517306919349
60) 4 1.8009999999999997 -4.466 -0.9946917937478308
60) 5 2.534 -5.199 -0.47900632196737986
60) 6 3.267 -5.9319999999999995 0.469705461600212
60) 7 4.0 -6.664999999999999 0.9967367924865841
61) 0 3.0 -9.0 -0.06201520022829486
61) 1 2.267 -8.267 0.7529806546986797
61) 2 2.267 -7.534 0.9999061297321838
62) 0 -1.0 -9.0 0.36104927727853203
62) 1 -0.267 -8.267 0.9141748493842166
62) 2 -1.0 -7.534 0.9679387781088995
62) 3 -1.733 -7.534 0.9924161843371087
62) 4 -2.466 -7.534 0.9973123648582933
63) 0 4.0 -6.0 0.8003730606575937
63) 1 4.0 -6.733 0.999748584094609
64) 0 8.0 4.0 0.4622279808582701
64) 1 7.267 3.267 0.9935528845757503
65) 0 4.0 -4.0 -0.586176193003373
65) 1 4.733 -4.733 0.39887296864256583
65) 2 5.465999999999999 -5.465999999999999 0.9923354075871395
65) 3 6.198999999999999 -4.733 0.9985046644261882
66) 0 3.0 0.0 0.1411200080598672
66) 1 2.267 0.0 0.7672823307944543
66) 2 1.5339999999999998 0.0 0.9993230915484982
67) 0 3.0 3.0 -0.8916822544789358
67) 1 3.733 3.0 -0.9970606707867586
67) 2 4.466 3.733 -0.4461816552049233
67) 3 5.199 4.466 0.5401606653296922
67) 4 5.9319999999999995 5.199 0.999426420014312
68) 0 1.0 5.0 -0.9261848392897116
68) 1 1.0 4.267 -0.9461146270201214
68) 2 1.733 4.267 -0.9942922046859989
68) 3 1.0 3.5340000000000003 -0.5065390154025531
68) 4 0.267 2.801 0.3220516474806892
68) 5 0.267 2.068 0.8706035083976601
68) 6 1.0 1.335 0.9952794124933162
69) 0 6.0 -5.0 0.9990439103118804
70) 0 -7.0 6.0 0.2037957684966491
70) 1 -6.267 5.267 0.9452672228456307
70) 2 -6.267 4.534000000000001 0.9929470555204232
70) 3 -7.0 3.8010000000000006 0.9937993655941219
71) 0 5.0 2.0 -0.7820948988254615
71) 1 5.733 2.733 0.06787088432476894
71) 2 6.465999999999999 3.466 0.8690030041700909
71) 3 7.198999999999999 3.466 0.9907751478872655
72) 0 -7.0 -6.0 0.2037957684966491
72) 1 -6.267 -5.267 0.9452672228456307
72) 2 -6.267 -4.534000000000001 0.9929470555204232
72) 3 -7.0 -3.8010000000000006 0.9937993655941219
73) 0 -1.0 8.0 0.9783888223346213
73) 1 -0.267 8.0 0.988700329794683
74) 0 -1.0 -4.0 -0.8313391791635062
74) 1 -1.0 -4.733 -0.9921853319538029
74) 2 -0.267 -4.733 -0.9996042061619907
74) 3 -1.0 -5.465999999999999 -0.6642302445811088
74) 4 -1.733 -6.198999999999999 0.15289577909213417
74) 5 -2.466 -6.931999999999999 0.8792954400963778
74) 6 -1.733 -7.664999999999998 0.999989937791639
75) 0 -7.0 -6.0 0.2037957684966491
75) 1 -6.267 -5.267 0.9452672228456307
75) 2 -6.267 -4.534000000000001 0.9929470555204232
75) 3 -7.0 -3.8010000000000006 0.9937993655941219
76) 0 -6.0 0.0 -0.27941549819892586
76) 1 -6.733 0.733 0.47027012776117993
76) 2 -7.465999999999999 1.466 0.970036992107538
76) 3 -7.465999999999999 2.199 0.9974894553540649
77) 0 -1.0 8.0 0.9783888223346213
77) 1 -0.267 8.0 0.988700329794683
78) 0 -3.0 -4.0 -0.9589242746631385
78) 1 -2.267 -4.0 -0.9934359455693715
78) 2 -1.5339999999999998 -3.267 -0.45076666099728635
78) 3 -0.8009999999999998 -2.534 0.4653303979299579
78) 4 -0.06799999999999984 -1.8009999999999997 0.9733263281784692
79) 0 -7.0 4.0 0.9783888223346213
79) 1 -6.267 4.733 0.9999998553152674
80) 0 -4.0 -9.0 -0.41148230684214054
80) 1 -3.267 -8.267 0.510400972261877
80) 2 -2.534 -7.534 0.9955147103674319
81) 0 -3.0 -1.0 -0.020683531529582487
81) 1 -2.267 -0.267 0.757139841483701
81) 2 -1.5339999999999998 -0.267 0.9999056985296105
82) 0 -1.0 0.0 0.8414709848078965
82) 1 -1.733 0.0 0.9868738013232312
83) 0 5.0 -1.0 -0.9261848392897116
83) 1 4.267 -1.0 -0.9461146270201214
83) 2 4.267 -1.733 -0.9942922046859989
83) 3 3.5340000000000003 -1.0 -0.5065390154025531
83) 4 2.801 -0.267 0.3220516474806892
83) 5 2.068 -0.267 0.8706035083976601
83) 6 1.335 -1.0 0.9952794124933162
84) 0 -4.0 9.0 -0.41148230684214054
84) 1 -3.267 8.267 0.510400972261877
84) 2 -2.534 7.534 0.9955147103674319
85) 0 2.0 1.0 0.786749131547214
85) 1 1.267 1.0 0.9990629421616589
86) 0 9.0 -5.0 -0.7648781678542789
86) 1 8.267 -4.267 0.12122277451427169
86) 2 7.534 -3.5340000000000003 0.8926095508322617
86) 3 6.801 -4.267 0.9847661549010601
86) 4 6.0680000000000005 -5.0 0.9999627824714249
87) 0 -1.0 -4.0 -0.8313391791635062
87) 1 -1.0 -4.733 -0.9921853319538029
87) 2 -0.267 -4.733 -0.9996042061619907
87) 3 -1.0 -5.465999999999999 -0.6642302445811088
87) 4 -1.733 -6.198999999999999 0.15289577909213417
87) 5 -2.466 -6.931999999999999 0.8792954400963778
87) 6 -1.733 -7.664999999999998 0.999989937791639
88) 0 -10.0 4.0 -0.9747394897226348
88) 1 -10.733 4.0 -0.8966889845724864
88) 2 -10.733 3.267 -0.9750985202154597
88) 3 -10.733 2.534 -0.9994718883239303
88) 4 -10.0 2.534 -0.7778799303347388
88) 5 -10.733 2.534 -0.9994718883239303
88) 6 -10.0 2.534 -0.7778799303347388
88) 7 -10.733 2.534 -0.9994718883239303
88) 8 -10.0 2.534 -0.7778799303347388
88) 9 -10.733 2.534 -0.9994718883239303
88) 10 -10.0 2.534 -0.7778799303347388
88) 11 -10.733 2.534 -0.9994718883239303
88) 12 -10.0 2.534 -0.7778799303347388
88) 13 -10.733 2.534 -0.9994718883239303
88) 14 -10.0 2.534 -0.7778799303347388
88) 15 -10.733 2.534 -0.9994718883239303
88) 16 -10.0 2.534 -0.7778799303347388
88) 17 -10.733 2.534 -0.9994718883239303
88) 18 -10.0 2.534 -0.7778799303347388
88) 19 -10.733 2.534 -0.9994718883239303
88) 20 -10.0 2.534 -0.7778799303347388
88) 21 -10.733 2.534 -0.9994718883239303
88) 22 -10.0 2.534 -0.7778799303347388
88) 23 -10.733 2.534 -0.9994718883239303
88) 24 -10.0 2.534 -0.7778799303347388
88) 25 -10.733 2.534 -0.9994718883239303
88) 26 -10.0 2.534 -0.7778799303347388
88) 27 -10.733 2.534 -0.9994718883239303
88) 28 -10.0 2.534 -0.7778799303347388
88) 29 -10.733 2.534 -0.9994718883239303
88) 30 -10.0 2.534 -0.7778799303347388
88) 31 -10.733 2.534 -0.9994718883239303
88) 32 -10.0 2.534 -0.7778799303347388
88) 33 -10.733 2.534 -0.9994718883239303
88) 34 -10.0 2.534 -0.7778799303347388
88) 35 -10.733 2.534 -0.9994718883239303
88) 36 -10.0 2.534 -0.7778799303347388
88) 37 -10.733 2.534 -0.9994718883239303
88) 38 -10.0 2.534 -0.7778799303347388
88) 39 -10.733 2.534 -0.9994718883239303
88) 40 -10.0 2.534 -0.7778799303347388
88) 41 -10.733 2.534 -0.9994718883239303
88) 42 -10.0 2.534 -0.7778799303347388
88) 43 -10.733 2.534 -0.9994718883239303
88) 44 -10.0 2.534 -0.7778799303347388
88) 45 -10.733 2.534 -0.9994718883239303
88) 46 -10.0 2.534 -0.7778799303347388
88) 47 -10.733 2.534 -0.9994718883239303
88) 48 -10.0 2.534 -0.7778799303347388
88) 49 -10.733 2.534 -0.9994718883239303
89) 0 -6.0 5.0 0.9990439103118804
90) 0 -10.0 0.0 -0.5440211108893698
90) 1 -9.267 0.0 0.15712415735288668
90) 2 -8.533999999999999 0.0 0.7775611701910634
90) 3 -7.800999999999999 0.733 0.9998266505092028
91) 0 7.0 2.0 0.8398053526495963
91) 1 7.733 1.267 0.9998402587822278
92) 0 -8.0 -7.0 -0.9339707316330099
92) 1 -8.0 -7.733 -0.991439782576177
92) 2 -8.733 -8.466 -0.39252535406471184
92) 3 -9.466000000000001 -9.199 0.5916691779547821
92) 4 -9.466000000000001 -9.932 0.9144084367903546
93) 0 7.0 -5.0 0.7328169085463447
93) 1 6.267 -5.0 0.9867115232332527
93) 2 5.534000000000001 -5.733 0.9934824989021975
94) 0 6.0 -9.0 -0.9840363888387289
94) 1 5.267 -9.733 -0.9974692911156586
94) 2 5.267 -10.466000000000001 -0.7511366168357464
94) 3 5.267 -11.199000000000002 -0.18948012856496912
94) 4 6.0 -11.199000000000002 0.13820823044799324
94) 5 6.733 -11.199000000000002 0.48012550893119105
94) 6 7.465999999999999 -11.199000000000002 0.77905197698271
94) 7 8.199 -11.199000000000002 0.9669933896465622
94) 8 8.932 -11.199000000000002 0.9824593735745994
95) 0 1.0 -4.0 -0.8313391791635062
95) 1 1.0 -4.733 -0.9921853319538029
95) 2 0.267 -4.733 -0.9996042061619907
95) 3 1.0 -5.465999999999999 -0.6642302445811088
95) 4 1.733 -6.198999999999999 0.15289577909213417
95) 5 2.466 -6.931999999999999 0.8792954400963778
95) 6 1.733 -7.664999999999998 0.999989937791639
96) 0 0.0 8.0 0.9893582466233818
97) 0 4.0 -2.0 -0.9712777989606532
97) 1 4.0 -2.733 -0.991284545726614
97) 2 3.267 -3.466 -0.9987180695460173
97) 3 4.0 -4.199 -0.4652432595166729
97) 4 4.733 -4.9319999999999995 0.5247745267157008
97) 5 5.465999999999999 -5.664999999999999 0.9998365306704692
98) 0 2.0 -4.0 -0.9712777989606532
98) 1 2.733 -4.0 -0.991284545726614
98) 2 3.466 -3.267 -0.9987180695460173
98) 3 4.199 -4.0 -0.4652432595166729
98) 4 4.9319999999999995 -4.733 0.5247745267157008
98) 5 5.664999999999999 -5.465999999999999 0.9998365306704692
99) 0 7.0 1.0 0.7088612918380416
99) 1 7.733 1.0 0.9983991142277933
END
TOTAL TIME: 102197411
POINT TIME: 60879241
BEST: 7.733 1.0 0.9983991142277933
